"Environment" "Phenotype" "pine_correlation" "spruce_correlation" "pine_slope_bayenv" "pine_score2_bayenv" "pine_score1_bayenv" "spruce_slope_bayenv" "spruce_score2_bayenv" "spruce_score1_bayenv"
"190" "Latitude" "ColdInjuryFallS02_Mean" -0.42 -0.74 0.573529454571591 0.622 0.000242291395869153 0.561280176194113 0.659 0.000298660106711302
"36" "CMD" "BudSet_day" 0.4 0.33 0.341578904369522 0.591 0.000146898169748563 0.336745561094695 0.5953 0.000156483581799374
"275" "MCMT" "ColdInjuryFallS02_Mean" 0.38 0.76 0.50275836332048 0.6146 0.000212393771404506 0.541897288890252 0.6575 0.000288344348369616
"342" "SHM" "BudSet_day" 0.37 0.25 0.289611027532568 0.5794 0.000124549328509179 0.267232533785188 0.5751 0.000124181228771941
"191" "Latitude" "ColdInjuryMidWinterS02_Mean" -0.37 -0.62 0.514122938980181 0.6076 0.00022558865162894 0.385807974876654 0.6123 0.000202405377199645
"54" "DD0" "ColdInjuryFallS02_Mean" -0.37 -0.74 0.465354773020157 0.6053 0.000196592431211876 0.556727889661871 0.6636 0.000296236278516543
"121" "EMT" "BudSet_day" 0.36 0.27 0.338502662923548 0.5827 0.000145572125138393 0.405501780759276 0.6037 0.000188435948739464
"122" "EMT" "ColdInjuryFallS02_Mean" 0.35 0.73 0.45401340937956 0.6004 0.000191801276199607 0.500521785736338 0.6465 0.000266331999818248
"276" "MCMT" "ColdInjuryMidWinterS02_Mean" 0.34 0.61 0.47200085571457 0.6068 0.000207106596854764 0.211483899912459 0.566 0.000110950926470907
"223" "log(MSP)" "BudSet_day" -0.34 -0.19 0.294912074620398 0.5792 0.000126828529020229 0.19022248486392 0.5539 8.83952540760281e-05
"115" "Elevation" "HtFinalS02_mm" -0.34 -0.19 0.393005396175896 0.591 0.00015657482755952 0.324799743337506 0.5866 0.000151408082041229
"155" "EXT" "BudSet_day" 0.33 0.3 0.277000629189503 0.5784 0.00011912606528439 0.304906690488564 0.5899 0.000141689419843498
"81" "DD5" "HtFinalS02_mm" 0.33 0.27 0.306596209313203 0.5858 0.000122145797877257 0.357205473229401 0.6022 0.000166514304379387
"53" "DD0" "BudSet_day" -0.33 -0.33 0.315067006266727 0.5731 0.000135493383414682 0.365288324915567 0.5929 0.000169748437178048
"360" "TD" "ColdInjuryFallS02_Mean" -0.32 -0.7 0.474991136094176 0.6087 0.000200663076965836 0.478286227444649 0.6375 0.000254495664690467
"258" "MAT" "ColdInjuryFallS02_Mean" 0.32 0.63 0.379216690565472 0.5879 0.000160202965498163 0.508809844568743 0.6544 0.00027074033610548
"166" "EXT" "HtFinalS02_mm" 0.32 0.26 0.299073520498602 0.584 0.000119147738646475 0.286466372388486 0.5835 0.000133538714713583
"148" "Eref" "HtFinalS01_mm" 0.32 0.23 0.335548272838164 0.588 0.000129966014903161 0.265975359556939 0.5734 0.000114618848599727
"123" "EMT" "ColdInjuryMidWinterS02_Mean" 0.32 0.59 0.443568822284173 0.5992 0.000194631704766691 0.207567123034233 0.5625 0.000108898183033169
"302" "MWMT" "HtFinalS02_mm" 0.31 0.22 0.29467448271492 0.5836 0.000117395997513517 0.309086559972624 0.5857 0.000144083273570477
"80" "DD5" "HtFinalS01_mm" 0.31 0.13 0.282124249508883 0.5765 0.000109273614464529 0.21399927797107 0.5574 9.22210362745227e-05
"319" "NFFD" "HtFinalS02_mm" 0.3 0.33 0.229868400005982 0.5623 9.15784757116174e-05 0.3472218161285 0.603 0.000161860344859396
"274" "MCMT" "BudSet_day" 0.3 0.26 0.263298578004896 0.5576 0.000113230717605279 0.305464539055152 0.5757 0.000141948560148628
"55" "DD0" "ColdInjuryMidWinterS02_Mean" -0.3 -0.55 0.420454056854641 0.5934 0.000184489034879076 0.186972081206886 0.5598 9.80921029488537e-05
"301" "MWMT" "HtFinalS01_mm" 0.29 0.1 0.252082624012474 0.5699 9.76377752818101e-05 0.175088277152831 0.5457 7.54526350645515e-05
"257" "MAT" "BudSet_day" 0.29 0.42 0.300438887229244 0.576 0.000129203495358219 0.454031402956179 0.6237 0.000210986957307168
"165" "EXT" "HtFinalS01_mm" 0.29 0.13 0.289647862489771 0.579 0.000112187715102591 0.158774339531439 0.543 6.84213920640721e-05
"361" "TD" "ColdInjuryMidWinterS02_Mean" -0.28 -0.62 0.446161762515898 0.6003 0.000195767707332739 0.196478400257698 0.5611 0.000103077696508776
"47" "CMD" "HtFinalS02_mm" 0.28 0.34 0.261361545558196 0.5708 0.000104121770776933 0.359831035770951 0.6052 0.000167738217755494
"308" "NFFD" "BudSet_day" 0.27 0.37 0.197361824095191 0.5562 8.487596972706e-05 0.369049976975378 0.6092 0.000171495761264353
"267" "MAT" "HtFinalS01_mm" 0.27 0.24 0.304113302099968 0.5727 0.000117790468739869 0.243835858395793 0.5626 0.000105077820130678
"149" "Eref" "HtFinalS02_mm" 0.27 0.31 0.260159395936168 0.5711 0.000103645037277241 0.35450214882933 0.6029 0.000165254159040323
"30" "bFFP" "HtFinalS02_mm" -0.27 -0.14 0.234927981576863 0.563 9.35965449036109e-05 0.245726676054286 0.5677 0.000114547510944825
"353" "SHM" "HtFinalS02_mm" 0.26 0.29 0.243212949636048 0.5669 9.68919814972088e-05 0.321127844751466 0.5923 0.000149696401342835
"318" "NFFD" "HtFinalS01_mm" 0.26 0.21 0.227889636666881 0.5586 8.82672025997821e-05 0.225902271049499 0.5636 9.73504118499886e-05
"268" "MAT" "HtFinalS02_mm" 0.26 0.31 0.216937323036623 0.5573 8.64260392016848e-05 0.307916916667732 0.5826 0.000143538072967102
"208" "log(MAP)" "ColdInjuryMidWinterS02_Mean" 0.26 0.62 0.32710164065665 0.5884 0.000143523511778716 0.371857145836926 0.6188 0.000195086519250784
"183" "FFP" "HtFinalS02_mm" 0.26 0.22 0.206266878027507 0.5555 8.2176586094964e-05 0.283976130817838 0.5809 0.000132377823956802
"139" "Eref" "ColdInjuryFallS02_Mean" 0.26 0.31 0.270281884925507 0.5675 0.000114182911244481 0.323394929549297 0.6 0.000172081962460309
"138" "Eref" "BudSet_day" 0.26 0.42 0.262672630909136 0.5694 0.00011296354724684 0.422521557732669 0.6237 0.000196344399124416
"29" "bFFP" "HtFinalS01_mm" -0.26 -0.04 0.190016188047017 0.5511 7.35978482952723e-05 0.114874631418115 0.5298 4.95048125299439e-05
"207" "log(MAP)" "ColdInjuryFallS02_Mean" 0.25 0.67 0.300745921901703 0.5783 0.00012705147369974 0.251444226871242 0.5847 0.000133798856390658
"104" "Elevation" "BudSet_day" -0.25 -0.15 0.213026829791517 0.5561 9.16116530796009e-05 0.23218110714083 0.5605 0.000107892918208642
"182" "FFP" "HtFinalS01_mm" 0.24 0.11 0.192011623243089 0.55 7.4370757234603e-05 0.15931302430893 0.5428 6.86548525544773e-05
"161" "EXT" "FinalStemDiamS02_mm" 0.24 0.08 0.223010552098254 0.5611 8.55079254659693e-05 0.130441846974797 0.5347 5.77301426806275e-05
"109" "Elevation" "FinalShootWeightS02_g" -0.24 -0.24 0.263029863648169 0.5601 0.000102901010785422 0.274045219896149 0.5729 0.000124575880164815
"89" "eFFP" "ColdInjuryMidWinterS02_Mean" 0.24 0.15 0.316336277357749 0.5816 0.000138804466694469 0.0748151433228291 0.5274 3.92508142642314e-05
"70" "DD5" "BudSet_day" 0.24 0.33 0.208035500271261 0.5603 8.94676258483837e-05 0.357117353193528 0.6024 0.000165950616795301
"328" "PAS" "ColdInjurySpringS02_Mean" 0.23 0.43 0.21210659453382 0.5563 8.31937227812113e-05 0.0545508795489172 0.5213 2.43024700785903e-05
"324" "PAS" "BudBreakS02_day" -0.23 0.16 0.239008445177374 0.5605 9.12503254067988e-05 -0.0371460140750381 0.492 -1.63417021681655e-05
"317" "NFFD" "Gth95pctS02_Day" 0.23 0.4 0.166214210398759 0.5437 6.40159071854949e-05 0.3870027268226 0.6147 0.000176716244509256
"297" "MWMT" "FinalStemDiamS02_mm" 0.23 -0.01 0.216350102356695 0.5591 8.2954225813675e-05 -0.116566252450461 0.4708 -5.15898786463321e-05
"291" "MWMT" "BudSet_day" 0.23 0.24 0.171661432462788 0.551 7.38254645064933e-05 0.279194539614042 0.5782 0.000129740357746802
"259" "MAT" "ColdInjuryMidWinterS02_Mean" 0.23 0.41 0.340953389346459 0.5781 0.000149606157793174 0.155322069685991 0.5512 8.14885858653856e-05
"159" "EXT" "FinalRootWeightS02_g" 0.23 0.21 NA NA NA NA NA NA
"96" "eFFP" "Gth95pctS02_Day" 0.23 0.39 0.150228960272999 0.5386 5.78585373247553e-05 0.329331134629204 0.5969 0.000150381830324761
"88" "eFFP" "ColdInjuryFallS02_Mean" 0.23 0.28 0.285357628382632 0.5705 0.000120551578614751 0.203294670644045 0.5646 0.000108174066269511
"181" "FFP" "Gth95pctS02_Day" 0.22 0.24 0.16932546981851 0.545 6.5215836958667e-05 0.306454039589261 0.5881 0.000139934847540944
"130" "EMT" "Gth95pctS02_Day" 0.22 0.43 0.140568347247926 0.5349 5.41375421127488e-05 0.367274992416269 0.5964 0.000167709756103306
"110" "Elevation" "FinalStemDiamS02_mm" -0.22 0.07 0.242282453941708 0.5531 9.28977886119825e-05 -0.110466415043685 0.4752 -4.88908419450807e-05
"76" "DD5" "FinalStemDiamS02_mm" 0.22 0.04 0.188638809779073 0.5509 7.2328925283028e-05 0.16168890976057 0.5419 7.15604223579846e-05
"74" "DD5" "FinalRootWeightS02_g" 0.22 0.24 NA NA NA NA NA NA
"18" "bFFP" "BudBreakS02_day" -0.22 0.16 0.291173120666309 0.5723 0.000111165821682725 0.134899169628118 0.5364 5.93547569008167e-05
"16" "AHM" "RootShoot_Ratio" 0.22 0.09 0.199602597960337 0.5525 7.69179178867109e-05 0.182349996577418 0.5434 7.98460439540091e-05
"12" "AHM" "HtFinalS01_mm" 0.22 0.05 0.203155139755134 0.5541 7.868704549807e-05 0.151907886637944 0.5373 6.54648953553216e-05
"327" "PAS" "ColdInjuryMidWinterS02_Mean" 0.21 0.63 0.244048046091856 0.5646 0.000107082102148011 0.302606640265537 0.5962 0.00015875639026733
"295" "MWMT" "FinalRootWeightS02_g" 0.21 0.16 NA NA NA NA NA NA
"240" "Longitude" "BudSet_day" -0.21 -0.02 0.364897357280684 0.5697 0.000156918779065677 0.0215619345807452 0.5064 1.00188240485145e-05
"169" "EXT" "RootShoot_Ratio" 0.21 0.19 0.169552591398887 0.5476 6.5338013609283e-05 0.204806252812654 0.5571 8.96769162337348e-05
"142" "Eref" "FinalRootWeightS02_g" 0.21 0.35 NA NA NA NA NA NA
"87" "eFFP" "BudSet_day" 0.21 0.3 0.157571365085165 0.5431 6.77648164628839e-05 0.304245591185595 0.5881 0.000141381523853305
"66" "DD0" "MaxGthRate_mm_Day" 0.21 -0.1 -0.0433632316489017 0.4843 -1.72281413680788e-05 -0.172563112941337 0.4565 -7.44120603969521e-05
"46" "CMD" "HtFinalS01_mm" 0.21 0.21 0.234886698364794 0.5601 9.09774353444822e-05 0.241115481112353 0.566 0.000103907018622272
"17" "AHM" "TotalWeight" 0.21 -0.04 NA NA NA NA NA NA
"13" "AHM" "HtFinalS02_mm" 0.21 0.13 0.177385817316416 0.5475 7.06649176375862e-05 0.253945616681023 0.5671 0.000118378810044638
"6" "AHM" "FinalRootWeightS02_g" 0.21 0.14 NA NA NA NA NA NA
"287" "MCMT" "MaxGthRate_mm_Day" -0.2 0.19 0.00558399731908391 0.4967 2.21918554535542e-06 -0.177375144781008 0.4562 -7.64869853638936e-05
"270" "MAT" "MaxGthRate_mm_Day" -0.2 -0.05 -0.0971232178213829 0.4721 -3.85875278292955e-05 0.138704954824989 0.5368 5.98121066689181e-05
"134" "EMT" "MaxGthRate_mm_Day" -0.2 0.18 -0.0544529780975771 0.4826 -2.16341192365869e-05 -0.0942942050664616 0.4756 -4.06618426234316e-05
"112" "Elevation" "Gth5pctS02_Day" -0.2 -0.23 0.218760548705221 0.544 7.89874233817952e-05 0.120300382014829 0.5269 4.97461132876275e-05
"108" "Elevation" "FinalRootWeightS02_g" -0.2 -0.1 NA NA NA NA NA NA
"107" "Elevation" "ColdInjurySpringS02_Mean" 0.2 0.23 0.275368250891688 0.5638 0.000108007107869322 -0.0314982153762795 0.4974 -1.40318544299349e-05
"335" "PAS" "HtFinalS01_mm" -0.19 0.1 0.103131296285282 0.5288 3.99452904772556e-05 -0.0907392573021887 0.4773 -3.91052388557493e-05
"326" "PAS" "ColdInjuryFallS02_Mean" 0.19 0.66 0.210143583947248 0.5527 8.87761463364416e-05 0.134760112806767 0.5523 7.17117421938726e-05
"312" "NFFD" "FinalRootWeightS02_g" 0.19 0.35 NA NA NA NA NA NA
"221" "log(MAP)" "TotalWeight" -0.19 0.22 NA NA NA NA NA NA
"192" "Latitude" "ColdInjurySpringS02_Mean" -0.19 -0.45 0.259254783071876 0.5536 0.000101689164431477 0.21262312373883 0.5551 9.47210437303843e-05
"103" "Elevation" "BudBreakS02_day" -0.19 0.26 0.280876073134472 0.5576 0.000107234742279083 0.182794968874031 0.5425 8.04281884028063e-05
"98" "eFFP" "HtFinalS02_mm" 0.19 0.3 0.139309629535455 0.5359 5.54986976708379e-05 0.276258158548977 0.5794 0.000128780046693065
"84" "DD5" "RootShoot_Ratio" 0.19 0.2 0.122710747822345 0.5351 4.72871306146593e-05 0.259114315178134 0.5704 0.000113457283174053
"79" "DD5" "Gth95pctS02_Day" 0.19 0.26 0.160423446175311 0.5436 6.17831241604235e-05 0.385424320278633 0.6091 0.000175995326359065
"64" "DD0" "HtFinalS02_mm" -0.19 -0.27 0.135445106223718 0.5355 5.39596009797576e-05 0.196752418903089 0.5496 9.17178160532423e-05
"40" "CMD" "FinalRootWeightS02_g" 0.19 0.31 NA NA NA NA NA NA
"309" "NFFD" "ColdInjuryFallS02_Mean" 0.18 0.15 0.2320179783697 0.5559 9.80178734148354e-05 0.17340777044605 0.5519 9.22717832632158e-05
"305" "MWMT" "RootShoot_Ratio" 0.18 0.13 0.154445090523877 0.5436 5.95163128982595e-05 0.207104202309812 0.5552 9.06837805650027e-05
"300" "MWMT" "Gth95pctS02_Day" 0.18 0.14 0.154682519522755 0.543 5.95718150031726e-05 0.302916990723887 0.5828 0.00013832031265826
"266" "MAT" "Gth95pctS02_Day" 0.18 0.51 0.1253519418124 0.5328 4.82763296385508e-05 0.463649294423296 0.6271 0.000211716212708159
"234" "log(MSP)" "HtFinalS02_mm" -0.18 -0.24 0.178827988289594 0.548 7.12408943166097e-05 0.248360367364987 0.5743 0.000115775243188959
"152" "Eref" "RootShoot_Ratio" 0.18 0.34 0.114865436383355 0.5329 4.42638699314402e-05 0.312722928618187 0.5878 0.000136930014516324
"144" "Eref" "FinalStemDiamS02_mm" 0.18 0.23 0.170439946325165 0.5466 6.53509709307325e-05 0.248092850905263 0.5694 0.000109800517812663
"118" "Elevation" "RootShoot_Ratio" -0.18 -0.05 0.211611893926643 0.5476 8.15466762569032e-05 0.168161851979628 0.5412 7.36327007308977e-05
"63" "DD0" "HtFinalS01_mm" -0.18 -0.23 0.258708874029018 0.5572 0.000100204223607184 0.184670623494407 0.5451 7.95811538097834e-05
"50" "CMD" "RootShoot_Ratio" 0.18 0.28 0.150213110208238 0.5413 5.78851282359225e-05 0.270638285660409 0.5732 0.000118503588873535
"28" "bFFP" "Gth95pctS02_Day" -0.18 -0.09 0.162309496741342 0.5419 6.25149616967072e-05 0.254892324112262 0.5707 0.000116389952424381
"25" "bFFP" "FinalStemDiamS02_mm" -0.18 0.08 0.123824621960564 0.5312 4.74778005282612e-05 -0.0627200799975287 0.4863 -2.77592626344949e-05
"23" "bFFP" "FinalRootWeightS02_g" -0.18 -0.12 NA NA NA NA NA NA
"352" "SHM" "HtFinalS01_mm" 0.17 0.18 0.190132911888017 0.55 7.36432011180595e-05 0.205711490457783 0.5554 8.86500121205542e-05
"314" "NFFD" "FinalStemDiamS02_mm" 0.17 0.18 0.065667345587435 0.5179 2.51783401879586e-05 0.202634990843786 0.5576 8.96823802524448e-05
"176" "FFP" "FinalRootWeightS02_g" 0.17 0.21 NA NA NA NA NA NA
"171" "FFP" "BudBreakS02_day" 0.17 -0.1 0.253214854376202 0.5638 9.66740607177543e-05 0.100638315015922 0.5293 4.42798019980843e-05
"132" "EMT" "HtFinalS02_mm" 0.17 0.26 0.146744826276527 0.5376 5.84609228288349e-05 0.270617128071313 0.5699 0.000126150481997053
"69" "DD5" "BudBreakS02_day" 0.17 -0.15 0.208326309738028 0.5543 7.95366849829745e-05 0.110990927148506 0.5308 4.88342125712521e-05
"62" "DD0" "Gth95pctS02_Day" -0.17 -0.47 0.0870832296914172 0.5216 3.35375964988006e-05 0.359267495048728 0.593 0.000164052549048542
"42" "CMD" "FinalStemDiamS02_mm" 0.17 0.16 0.166347293453285 0.5456 6.37814552161093e-05 0.211854380227204 0.5561 9.37633127219108e-05
"27" "bFFP" "Gth5pctS02_Day" -0.17 -0.24 0.156006751820828 0.5368 5.63289194705556e-05 0.119643658220191 0.5319 4.94741819485939e-05
"8" "AHM" "FinalStemDiamS02_mm" 0.17 -0.06 0.172170085017021 0.5445 6.60140688469506e-05 -0.112615882111936 0.478 -4.98432138913093e-05
"362" "TD" "ColdInjurySpringS02_Mean" -0.16 -0.44 0.185318864847956 0.54 7.26883745218949e-05 0.122430269896208 0.536 5.45410925996668e-05
"346" "SHM" "FinalRootWeightS02_g" 0.16 0.24 NA NA NA NA NA NA
"325" "PAS" "BudSet_day" 0.16 0.02 0.166175387351179 0.5475 7.14593784079144e-05 -0.168089494477141 0.458 -7.81084636806368e-05
"321" "NFFD" "MaxGthRate_mm_Day" -0.16 -0.27 -0.127123999794712 0.4645 -5.05073679956937e-05 -0.0151871683850844 0.496 -6.54854361433349e-06
"316" "NFFD" "Gth5pctS02_Day" 0.16 0.17 0.149905636528791 0.536 5.41264481352013e-05 0.147850716472653 0.5386 6.11401328928162e-05
"310" "NFFD" "ColdInjuryMidWinterS02_Mean" 0.16 0.01 0.249835192212095 0.5635 0.000109624892140723 0.0022818027093731 0.5009 1.19893570381355e-06
"283" "MCMT" "Gth95pctS02_Day" 0.16 0.42 0.0594807733036298 0.5138 2.29064586584411e-05 0.302740423508661 0.5772 0.00013824063030756
"261" "MAT" "FinalRootWeightS02_g" 0.16 0.4 NA NA NA NA NA NA
"209" "log(MAP)" "ColdInjurySpringS02_Mean" 0.16 0.4 0.133155931321685 0.534 5.22259416545542e-05 0.105822384684892 0.5347 4.71431180343884e-05
"178" "FFP" "FinalStemDiamS02_mm" 0.16 0.01 0.0703679478625535 0.518 2.69808339112358e-05 0.118550250458798 0.5309 5.24684290654982e-05
"172" "FFP" "BudSet_day" 0.16 0.26 0.115658330248265 0.5346 4.97393407658927e-05 0.280196446680843 0.5814 0.000130205508154431
"140" "Eref" "ColdInjuryMidWinterS02_Mean" 0.16 0.16 0.195736729112307 0.5462 8.58884943594178e-05 0.0891798651922506 0.5273 4.67890144340497e-05
"113" "Elevation" "Gth95pctS02_Day" -0.16 0.01 0.192156421225667 0.5416 7.40093021506155e-05 -0.213226597036354 0.4468 -9.73645741401839e-05
"97" "eFFP" "HtFinalS01_mm" 0.16 0.2 0.163624477555727 0.5391 6.33757748601549e-05 0.181382999312917 0.5503 7.81651891381547e-05
"75" "DD5" "FinalShootWeightS02_g" 0.16 0.09 0.220710468303112 0.5606 8.63441967704264e-05 0.352017006753086 0.6015 0.000160019433320415
"374" "TD" "TotalWeight" 0.15 -0.28 NA NA NA NA NA NA
"365" "TD" "FinalStemDiamS02_mm" 0.15 -0.25 0.195763135140781 0.5428 7.50613202791187e-05 0.125581004671178 0.5358 5.55793429100681e-05
"356" "SHM" "RootShoot_Ratio" 0.15 0.21 0.127852171368212 0.5356 4.92682166663848e-05 0.234591387849669 0.5627 0.000102719914779373
"322" "NFFD" "RootShoot_Ratio" 0.15 0.33 -0.0110604075242409 0.5001 -4.26281988423729e-06 0.30048199313104 0.586 0.000131570733454673
"313" "NFFD" "FinalShootWeightS02_g" 0.15 -0.01 0.114277583277168 0.5312 4.47063723763298e-05 -0.379478010513136 0.3875 -0.000172502490662287
"290" "MWMT" "BudBreakS02_day" 0.15 -0.19 0.192728530734633 0.5502 7.35816888679184e-05 0.153337924245804 0.5402 6.74665447789016e-05
"220" "log(MAP)" "RootShoot_Ratio" -0.15 0.12 0.2053125505105 0.549 7.91188417474313e-05 -0.0688475507079164 0.4837 -3.01475451541782e-05
"219" "log(MAP)" "MaxGthRate_mm_Day" -0.15 0.29 0.0517985318693169 0.5114 2.05793531207373e-05 -0.23876158083986 0.4343 -0.000102957841699145
"194" "Latitude" "FinalShootWeightS02_g" 0.15 0.28 0.0764605771281403 0.5166 2.99132545422246e-05 -0.134148524845263 0.4717 -6.09788721625337e-05
"180" "FFP" "Gth5pctS02_Day" 0.15 0.2 0.145448262198935 0.5347 5.25168167953336e-05 0.129461352768981 0.534 5.35346717019492e-05
"170" "EXT" "TotalWeight" 0.15 0.14 NA NA NA NA NA NA
"164" "EXT" "Gth95pctS02_Day" 0.15 0.27 0.126062775182964 0.5366 4.85472515738526e-05 0.330338662818346 0.5949 0.000150842809915475
"156" "EXT" "ColdInjuryFallS02_Mean" 0.15 -0.08 0.143820755991225 0.5355 6.07587476137292e-05 -0.040454523474193 0.49 -2.15311308237203e-05
"114" "Elevation" "HtFinalS01_mm" -0.15 -0.05 0.144062370107899 0.5349 5.57988688016978e-05 0.161232755772146 0.541 6.94823410829892e-05
"78" "DD5" "Gth5pctS02_Day" 0.15 0.25 0.15097380057141 0.5363 5.45124651013165e-05 0.13802746928908 0.5364 5.70777978522748e-05
"33" "bFFP" "RootShoot_Ratio" -0.15 -0.07 0.0719559256843999 0.5198 2.77288639949617e-05 0.159526387958754 0.5417 6.98516742153056e-05
"359" "TD" "BudSet_day" -0.14 -0.09 0.1680455294804 0.5313 7.22665347489348e-05 0.1542803707795 0.5369 7.16938702373939e-05
"348" "SHM" "FinalStemDiamS02_mm" 0.14 0.09 0.144609977224679 0.5402 5.54468389141208e-05 0.166202349283616 0.542 7.35585478251382e-05
"340" "PAS" "TotalWeight" -0.14 0.26 NA NA NA NA NA NA
"336" "PAS" "HtFinalS02_mm" -0.14 0.05 0.107260769710704 0.5257 4.2731119062571e-05 -0.193818608849389 0.4474 -9.03500890299803e-05
"285" "MCMT" "HtFinalS02_mm" 0.14 0.22 0.0594234328664828 0.5153 2.36721514329428e-05 0.138906700718397 0.5344 6.47525505085329e-05
"284" "MCMT" "HtFinalS01_mm" 0.14 0.18 0.203834679461569 0.5417 7.89501251991584e-05 0.132289773608574 0.5316 5.70081327273606e-05
"201" "Latitude" "LinearGthS02_Days" -0.14 -0.42 0.0993968379955848 0.5198 3.55567476587884e-05 0.270125428323607 0.5596 0.00010830089080973
"188" "Latitude" "BudBreakS02_day" 0.14 -0.2 0.189618242433077 0.5338 7.23931847688785e-05 0.128625753651664 0.5271 5.65964573519014e-05
"151" "Eref" "MaxGthRate_mm_Day" -0.14 -0.22 -0.0846170854097915 0.4771 -3.36184349788917e-05 0.0842270017749222 0.5225 3.632046564044e-05
"147" "Eref" "Gth95pctS02_Day" 0.14 0.45 0.110837723816033 0.5314 4.26844672282112e-05 0.464151210604013 0.6343 0.000211945212098974
"119" "Elevation" "TotalWeight" -0.14 0.07 NA NA NA NA NA NA
"105" "Elevation" "ColdInjuryFallS02_Mean" 0.14 0.5 0.194152930101857 0.5465 8.20208263547499e-05 0.212680689093487 0.5673 0.000113166125387474
"100" "eFFP" "MaxGthRate_mm_Day" -0.14 -0.13 -0.0687842888259936 0.481 -2.73281497657552e-05 0.00455230405208452 0.5027 1.96332605235618e-06
"83" "DD5" "MaxGthRate_mm_Day" -0.14 -0.36 -0.166815294472237 0.4534 -6.62768721212025e-05 -0.0398402682696239 0.4887 -1.71793345654634e-05
"51" "CMD" "TotalWeight" 0.14 0.2 NA NA NA NA NA NA
"24" "bFFP" "FinalShootWeightS02_g" -0.14 -0.12 0.150564496547057 0.5396 5.89030460620201e-05 0.232969897654691 0.5661 0.000105904100753569
"347" "SHM" "FinalShootWeightS02_g" 0.13 0.17 0.171764635444436 0.5471 6.71954120424306e-05 0.296680157482383 0.5842 0.000134865083947876
"296" "MWMT" "FinalShootWeightS02_g" 0.13 0.14 0.226884466582345 0.5633 8.87595489938579e-05 0.268746920674776 0.5768 0.000122166502763339
"263" "MAT" "FinalStemDiamS02_mm" 0.13 0.33 0.0580493555154904 0.5174 2.22573125055983e-05 0.256897535900141 0.5699 0.00011369718243455
"222" "log(MSP)" "BudBreakS02_day" 0.13 0.17 0.186251372320252 0.5473 7.11072363037013e-05 0.0817579309717968 0.522 3.59725434003705e-05
"186" "FFP" "RootShoot_Ratio" 0.13 0.17 0.00600018494146526 0.5034 2.31187615572191e-06 0.2220112387284 0.561 9.7211447193053e-05
"174" "FFP" "ColdInjuryMidWinterS02_Mean" 0.13 -0.18 0.18251148475179 0.5488 8.00838328587554e-05 0.0046283823760863 0.5012 2.42792202588824e-06
"131" "EMT" "HtFinalS01_mm" 0.13 0.23 0.203987601299554 0.5436 7.90093800924516e-05 0.232042608421634 0.559 9.99951789489207e-05
"45" "CMD" "Gth95pctS02_Day" 0.13 0.29 0.0871187532575594 0.5245 3.35457531145088e-05 0.337315099158052 0.5938 0.000154026895147019
"37" "CMD" "ColdInjuryFallS02_Mean" 0.13 -0.04 0.136344528559392 0.5283 5.76005131497648e-05 -0.0546830832527034 0.4897 -2.90970484617534e-05
"7" "AHM" "FinalShootWeightS02_g" 0.13 0.15 0.203723265486606 0.5541 7.969791485976e-05 0.28974993920812 0.5764 0.000131716340572409
"2" "AHM" "BudSet_day" 0.13 0.16 0.0916397461982417 0.5215 3.94149942607501e-05 0.232185612256432 0.5593 0.000107894038664488
"373" "TD" "RootShoot_Ratio" 0.12 -0.18 0.226648739041855 0.5495 8.73418157861176e-05 0.117411496046663 0.5301 5.14100066514714e-05
"372" "TD" "MaxGthRate_mm_Day" 0.12 -0.28 0.0869948745785611 0.5166 3.45643949102037e-05 -0.17700856649257 0.4569 -7.63287011721566e-05
"351" "SHM" "Gth95pctS02_Day" 0.12 0.17 0.0877748030224517 0.5242 3.37994873138203e-05 0.259145366467458 0.571 0.000118332451027822
"339" "PAS" "RootShoot_Ratio" -0.12 0.13 0.150073210442512 0.5353 5.7831994085628e-05 -0.11811919768359 0.4725 -5.17219109789179e-05
"337" "PAS" "LinearGthS02_Days" 0.12 0.32 0.1245551098444 0.5329 4.45587929294413e-05 -0.000684934978019178 0.5008 -2.73063887935904e-07
"331" "PAS" "FinalStemDiamS02_mm" -0.12 0.25 0.111242034107136 0.5244 4.26530799699393e-05 -0.0577510157350608 0.4916 -2.55614486884629e-05
"329" "PAS" "FinalRootWeightS02_g" -0.12 0.08 NA NA NA NA NA NA
"307" "NFFD" "BudBreakS02_day" 0.12 -0.02 0.213296566176169 0.5538 8.14340048867132e-05 0.052314812453696 0.5165 2.30171015730279e-05
"306" "MWMT" "TotalWeight" 0.12 0.03 NA NA NA NA NA NA
"299" "MWMT" "Gth5pctS02_Day" 0.12 0.23 0.123337363576038 0.5293 4.45339030137289e-05 0.114143263398012 0.5302 4.72011802288516e-05
"277" "MCMT" "ColdInjurySpringS02_Mean" 0.12 0.48 0.139297027928784 0.5282 5.46381397134896e-05 0.191202519741165 0.5532 8.51782084136942e-05
"271" "MAT" "RootShoot_Ratio" 0.12 0.41 -0.0174227697951285 0.5009 -6.71472544564824e-06 0.322804383495917 0.5859 0.000141344237505055
"245" "Longitude" "FinalShootWeightS02_g" -0.12 -0.08 0.051889040702184 0.5132 2.03001222087716e-05 0.126249719247528 0.5313 5.73919513662797e-05
"210" "log(MAP)" "FinalRootWeightS02_g" -0.12 0.07 NA NA NA NA NA NA
"197" "Latitude" "Gth5pctS02_Day" 0.12 0.11 0.0997902139658968 0.5197 3.603042752442e-05 0.0130901379304157 0.5017 5.4097403642638e-06
"196" "Latitude" "Gth5.95pctS02_Days" -0.12 -0.37 0.051694929058221 0.5108 1.90192012129618e-05 0.263920495601496 0.5623 0.000119275773610465
"185" "FFP" "MaxGthRate_mm_Day" -0.12 -0.33 -0.113712609830654 0.4694 -4.51790969981649e-05 -0.0502657333331564 0.487 -2.16751694126768e-05
"177" "FFP" "FinalShootWeightS02_g" 0.12 0.06 0.107865554783193 0.5288 4.21982073057523e-05 0.291416729178668 0.5844 0.000132472380149859
"128" "EMT" "Gth5.95pctS02_Days" 0.12 0.44 0.056665960813225 0.5136 2.08469120359445e-05 0.330563999204851 0.5871 0.000149394278716606
"124" "EMT" "ColdInjurySpringS02_Mean" 0.12 0.46 0.107830487286844 0.5204 4.2296412477806e-05 0.182680866519449 0.5517 8.13824079161044e-05
"95" "eFFP" "Gth5pctS02_Day" 0.12 0.11 0.124315129859926 0.5299 4.48866416708771e-05 0.131621155200809 0.534 5.44287978419743e-05
"71" "DD5" "ColdInjuryFallS02_Mean" 0.12 -0.14 0.114261301036716 0.5269 4.82710509206246e-05 -0.0687781021629478 0.4835 -3.65986153516072e-05
"41" "CMD" "FinalShootWeightS02_g" 0.12 0.1 0.203841917356944 0.5549 7.97443615050701e-05 0.35988827132278 0.6028 0.000163598130187599
"4" "AHM" "ColdInjuryMidWinterS02_Mean" -0.12 -0.46 0.113714037346003 0.5365 4.98912558439512e-05 0.271915273096898 0.5857 0.000142653771447133
"357" "SHM" "TotalWeight" 0.11 0.14 NA NA NA NA NA NA
"344" "SHM" "ColdInjuryMidWinterS02_Mean" 0.11 -0.31 0.089110764033434 0.5184 3.91038860856544e-05 0.230747736073025 0.5757 0.000121053581853089
"333" "PAS" "Gth5pctS02_Day" -0.11 -0.2 0.12554112094201 0.531 4.53291152771386e-05 0.144799853545215 0.5338 5.98742432581557e-05
"265" "MAT" "Gth5pctS02_Day" 0.11 0.04 0.103724681385371 0.5261 3.74521880610418e-05 0.112311013183638 0.5269 4.64455140555125e-05
"262" "MAT" "FinalShootWeightS02_g" 0.11 -0.16 0.123919645598052 0.533 4.84783509182523e-05 -0.40591201553387 0.3928 -0.000184517610450062
"217" "log(MAP)" "HtFinalS02_mm" -0.11 0.03 0.0634930939563876 0.5149 2.52920684074888e-05 -0.147969330174516 0.4581 -6.89770649350398e-05
"212" "log(MAP)" "FinalStemDiamS02_mm" -0.11 0.21 0.138050683888869 0.5328 5.29320936865034e-05 -0.04049662719914 0.4938 -1.79250357526912e-05
"189" "Latitude" "BudSet_day" -0.11 -0.19 0.169907806552922 0.5266 7.3068692536726e-05 0.225998077123442 0.552 0.000105021547515189
"173" "FFP" "ColdInjuryFallS02_Mean" 0.11 -0.12 0.145452384755685 0.5353 6.14475450614153e-05 -0.0459356625779448 0.4893 -2.44422976566917e-05
"160" "EXT" "FinalShootWeightS02_g" 0.11 0.07 0.242939481214923 0.5666 9.50402959674524e-05 0.257002092979225 0.5755 0.000116826388007704
"153" "Eref" "TotalWeight" 0.11 0.27 NA NA NA NA NA NA
"116" "Elevation" "LinearGthS02_Days" 0.11 0.17 0.116144495067156 0.5233 4.15499158869261e-05 -0.0685233463371326 0.4832 -2.74724155555304e-05
"106" "Elevation" "ColdInjuryMidWinterS02_Mean" 0.11 0.49 0.176676436805463 0.5412 7.75208712424142e-05 0.286199155323403 0.5898 0.000150144616928595
"85" "DD5" "TotalWeight" 0.11 0.09 NA NA NA NA NA NA
"73" "DD5" "ColdInjurySpringS02_Mean" -0.11 -0.02 0.107416307765119 0.5318 4.21295685416719e-05 -0.156425913577094 0.4591 -6.96854173867773e-05
"38" "CMD" "ColdInjuryMidWinterS02_Mean" 0.11 -0.14 0.117467974956427 0.5232 5.1546953855214e-05 0.183059105544177 0.5615 9.60351193622522e-05
"19" "bFFP" "BudSet_day" -0.11 -0.18 0.0643718989539293 0.521 2.76832774879552e-05 0.227963591238701 0.5645 0.000105932872556444
"5" "AHM" "ColdInjurySpringS02_Mean" -0.11 -0.23 0.114847415855662 0.5327 4.50431903086285e-05 0.000339689438093869 0.5066 1.51982193397163e-07
"363" "TD" "FinalRootWeightS02_g" 0.1 -0.14 NA NA NA NA NA NA
"332" "PAS" "Gth5.95pctS02_Days" 0.1 0.27 0.083960698793911 0.5235 3.0896070552054e-05 -0.0691492854740972 0.4842 -3.12489235374476e-05
"330" "PAS" "FinalShootWeightS02_g" -0.1 -0.21 0.136324106057517 0.5334 5.33315382307685e-05 0.241484370563894 0.5638 0.0001097764979353
"304" "MWMT" "MaxGthRate_mm_Day" -0.1 -0.31 -0.149338252973023 0.4583 -5.93329919141534e-05 -0.0683002390137847 0.4815 -2.94516482400713e-05
"281" "MCMT" "Gth5.95pctS02_Days" 0.1 0.44 0.0157452695824385 0.5018 5.79091453442286e-06 0.291458243346179 0.5748 0.000131720353385453
"250" "Longitude" "HtFinalS01_mm" 0.1 -0.06 0.107750735266112 0.5179 4.17344657705074e-05 0.000294228546670006 0.5038 1.27726073647334e-07
"237" "log(MSP)" "RootShoot_Ratio" -0.1 -0.18 0.109863551339949 0.5302 4.23361814859644e-05 0.195648817859238 0.5541 8.56681566763938e-05
"227" "log(MSP)" "FinalRootWeightS02_g" -0.1 -0.2 NA NA NA NA NA NA
"218" "log(MAP)" "LinearGthS02_Days" 0.1 0.28 0.062993564252868 0.5157 2.25367765410455e-05 0.0477294330978984 0.5135 1.91374219571305e-05
"215" "log(MAP)" "Gth95pctS02_Day" 0.1 0.21 0.0662165766292023 0.5186 2.55100486724551e-05 -0.0178236632352379 0.498 -8.13645087831275e-06
"202" "Latitude" "MaxGthRate_mm_Day" 0.1 -0.18 0.165882222908528 0.5361 6.59077287027868e-05 -0.279121878228863 0.4329 -0.000120361710109534
"168" "EXT" "MaxGthRate_mm_Day" -0.1 -0.22 -0.130849254481891 0.4649 -5.19868726656495e-05 -0.0244796269048145 0.4929 -1.05552443040185e-05
"157" "EXT" "ColdInjuryMidWinterS02_Mean" 0.1 -0.11 0.104049136652301 0.5246 4.56583488314476e-05 0.00697935260203858 0.5053 3.65788919127656e-06
"72" "DD5" "ColdInjuryMidWinterS02_Mean" 0.1 -0.22 0.112888713974737 0.528 4.9536431658049e-05 0.0382003551227409 0.5143 2.00389721183621e-05
"34" "bFFP" "TotalWeight" -0.1 0.04 NA NA NA NA NA NA
"371" "TD" "LinearGthS02_Days" -0.09 -0.33 0.0735867612788292 0.5113 2.63242278501488e-05 0.158317948028033 0.5368 6.34739179852994e-05
"358" "TD" "BudBreakS02_day" 0.09 -0.26 0.140411653496066 0.5263 5.36070326897645e-05 0.194445038355757 0.5438 8.55550484949641e-05
"294" "MWMT" "ColdInjurySpringS02_Mean" -0.09 -0.12 0.0993830907464048 0.5282 3.89786483466568e-05 -0.11331291716629 0.4723 -5.04792838552902e-05
"251" "Longitude" "HtFinalS02_mm" -0.09 -0.16 0.160208161391801 0.5324 6.38294613639945e-05 0.0936644855655222 0.5297 4.36624433013194e-05
"233" "log(MSP)" "HtFinalS01_mm" -0.09 -0.16 0.111064806761827 0.5272 4.30182169071136e-05 0.171172088016539 0.5485 7.37653848459563e-05
"228" "log(MSP)" "FinalShootWeightS02_g" -0.09 -0.13 0.128905970152506 0.5349 5.04285293239004e-05 0.233454664079242 0.5674 0.000106123858143466
"225" "log(MSP)" "ColdInjuryMidWinterS02_Mean" -0.09 0.22 0.058601266342542 0.5089 2.57165988752662e-05 0.235944818675089 0.5777 0.000123779810106503
"216" "log(MAP)" "HtFinalS01_mm" -0.09 0.06 0.0184020196019824 0.5065 7.12765454495449e-06 -0.0593181802448207 0.4839 -2.55646385589745e-05
"211" "log(MAP)" "FinalShootWeightS02_g" -0.09 -0.22 0.134983278544093 0.533 5.28065486047547e-05 0.152003590551442 0.5417 6.91003926454202e-05
"204" "Latitude" "TotalWeight" 0.09 -0.29 NA NA NA NA NA NA
"199" "Latitude" "HtFinalS01_mm" -0.09 -0.15 0.183966891036138 0.5332 7.12548407272605e-05 0.135320422186483 0.5303 5.83136041632856e-05
"162" "EXT" "Gth5.95pctS02_Days" 0.09 0.2 0.0512076476664777 0.5176 1.88361960644264e-05 0.293981440014343 0.5841 0.000132860761715336
"145" "Eref" "Gth5.95pctS02_Days" 0.09 0.41 0.0424852137188583 0.5144 1.56277701453499e-05 0.424921989988748 0.6221 0.000192036998232272
"94" "eFFP" "Gth5.95pctS02_Days" 0.09 0.35 0.0312055033553058 0.5086 1.14786952938346e-05 0.297256841201094 0.5875 0.000134340257395146
"91" "eFFP" "FinalRootWeightS02_g" 0.09 0.32 NA NA NA NA NA NA
"60" "DD0" "Gth5.95pctS02_Days" -0.09 -0.48 0.0219608839028719 0.5041 8.07765340507037e-06 0.339002243976422 0.588 0.000153207137521506
"57" "DD0" "FinalRootWeightS02_g" -0.09 -0.36 NA NA NA NA NA NA
"32" "bFFP" "MaxGthRate_mm_Day" 0.09 0.36 -0.140308339727841 0.4628 -5.57461772084967e-05 -0.0732913084691146 0.4807 -3.16042762477358e-05
"22" "bFFP" "ColdInjurySpringS02_Mean" 0.09 0.14 0.110649044845077 0.531 4.33995864391101e-05 -0.108934367720202 0.4734 -4.85282275596144e-05
"14" "AHM" "LinearGthS02_Days" -0.09 -0.08 0.0730464826983256 0.5175 2.61343924267242e-05 -0.106293520297669 0.4745 -4.26143806183407e-05
"293" "MWMT" "ColdInjuryMidWinterS02_Mean" 0.08 -0.31 0.0496964640481074 0.5132 2.18089142902918e-05 0.0555198323513906 0.5199 2.91251439899361e-05
"238" "log(MSP)" "TotalWeight" -0.08 -0.14 NA NA NA NA NA NA
"232" "log(MSP)" "Gth95pctS02_Day" -0.08 -0.13 0.0451890552380416 0.5121 1.73975122243835e-05 0.156248229470874 0.5433 7.13471011959851e-05
"229" "log(MSP)" "FinalStemDiamS02_mm" -0.08 -0.12 0.104775790485994 0.5297 4.01733259919447e-05 0.170238219933828 0.5466 7.53446686127149e-05
"213" "log(MAP)" "Gth5.95pctS02_Days" 0.08 0.24 0.0273598013754168 0.5072 1.00711231196171e-05 -0.00259473480573181 0.5017 -1.17074309966638e-06
"125" "EMT" "FinalRootWeightS02_g" 0.08 0.33 NA NA NA NA NA NA
"86" "eFFP" "BudBreakS02_day" 0.08 0.02 0.18162036767789 0.546 6.93405311741856e-05 -0.0386099098560884 0.4865 -1.69871668769829e-05
"49" "CMD" "MaxGthRate_mm_Day" -0.08 -0.26 -0.13133352876473 0.464 -5.21790337878825e-05 -0.0949501876679541 0.4717 -4.09436207015059e-05
"35" "CMD" "BudBreakS02_day" -0.08 -0.15 0.129361417781851 0.5302 4.93872940130026e-05 0.0979144920506257 0.5274 4.30812456986224e-05
"368" "TD" "Gth95pctS02_Day" -0.07 -0.25 -0.00863442900571822 0.496 -3.32663438993754e-06 0.14551228683303 0.5376 6.6445700385236e-05
"366" "TD" "Gth5.95pctS02_Days" -0.07 -0.3 0.00519127353097914 0.4973 1.90947226758606e-06 0.149737422042222 0.5391 6.76718704440321e-05
"364" "TD" "FinalShootWeightS02_g" 0.07 0.19 0.133198855037074 0.5306 5.21098039125432e-05 -0.118431656952475 0.4739 -5.38356215401567e-05
"355" "SHM" "MaxGthRate_mm_Day" -0.07 -0.24 -0.136226370965349 0.4618 -5.41231964387295e-05 -0.138800121612874 0.4605 -5.98523113333395e-05
"343" "SHM" "ColdInjuryFallS02_Mean" 0.07 -0.25 0.0682639950403156 0.5116 2.88393647845116e-05 0.0948515892813602 0.5335 5.04695994192558e-05
"323" "NFFD" "TotalWeight" 0.07 0.24 NA NA NA NA NA NA
"292" "MWMT" "ColdInjuryFallS02_Mean" 0.07 -0.29 0.038100635294556 0.5083 1.60965079629667e-05 0.0487477772538828 0.5176 2.59361290198853e-05
"249" "Longitude" "Gth95pctS02_Day" -0.07 -0.1 0.0719710040343622 0.5116 2.77221781559915e-05 -0.025767776559628 0.4951 -1.17673782132346e-05
"198" "Latitude" "Gth95pctS02_Day" -0.07 -0.35 0.0110318094714425 0.5033 4.24619438358418e-06 0.27663254918168 0.5658 0.000126319809749952
"195" "Latitude" "FinalStemDiamS02_mm" 0.07 -0.24 0.107227356095307 0.5197 4.11143329733556e-05 0.127734915963722 0.5336 5.65316228224801e-05
"187" "FFP" "TotalWeight" 0.07 0.06 NA NA NA NA NA NA
"143" "Eref" "FinalShootWeightS02_g" 0.07 -0.1 0.209328416412897 0.5564 8.18913815919139e-05 -0.392623583244667 0.3867 -0.000178477145391675
"133" "EMT" "LinearGthS02_Days" 0.07 0.41 0.0393596056034938 0.5077 1.40787275289778e-05 0.223150945682995 0.5549 8.94679926933776e-05
"93" "eFFP" "FinalStemDiamS02_mm" 0.07 0.2 -0.00983348708135688 0.498 -3.77089149613091e-06 0.175949338584084 0.551 7.78717966420505e-05
"92" "eFFP" "FinalShootWeightS02_g" 0.07 -0.02 0.0359295758139818 0.5098 1.40552505101783e-05 -0.312682176158642 0.4098 -0.000142138476374138
"56" "DD0" "ColdInjurySpringS02_Mean" -0.07 -0.45 0.082791944420771 0.5135 3.24751916576764e-05 0.199682921023359 0.5552 8.89561797194982e-05
"43" "CMD" "Gth5.95pctS02_Days" 0.07 0.25 0.0444461634492577 0.5137 1.63471936004141e-05 0.307243130745122 0.585 0.000138852859386515
"21" "bFFP" "ColdInjuryMidWinterS02_Mean" -0.07 0.32 0.0683542156779732 0.5195 2.99931519949973e-05 0.0283324893629341 0.5098 1.48644787958856e-05
"3" "AHM" "ColdInjuryFallS02_Mean" -0.07 -0.4 0.0710728756757009 0.5225 3.00242589785651e-05 0.0609352501726481 0.5304 3.24278298445551e-05
"369" "TD" "HtFinalS01_mm" 0.06 -0.08 -0.0648708210132061 0.4926 -2.5126041188534e-05 0.0427799585326899 0.5108 1.84348872092347e-05
"367" "TD" "Gth5pctS02_Day" 0.06 0.16 0.036452741573292 0.5028 1.31617084001191e-05 0.0281684179056637 0.5086 1.16466277288248e-05
"350" "SHM" "Gth5pctS02_Day" 0.06 0.17 0.0231887318373067 0.5039 8.37388226964977e-06 0.0955208009771638 0.523 3.9499593366231e-05
"341" "SHM" "BudBreakS02_day" -0.06 -0.22 0.0974810689690518 0.525 3.72159506120534e-05 0.159986485841275 0.5431 7.03924778723494e-05
"338" "PAS" "MaxGthRate_mm_Day" -0.06 0.37 0.0888454972739108 0.5219 3.52989556588734e-05 -0.220813265734106 0.44 -9.52182520347083e-05
"315" "NFFD" "Gth5.95pctS02_Days" 0.06 0.35 0.0276788573616472 0.5086 1.01813217992384e-05 0.348757895477185 0.6032 0.000157615255694764
"298" "MWMT" "Gth5.95pctS02_Days" 0.06 0.08 0.0369343315391564 0.5123 1.35851285242941e-05 0.268606622386403 0.573 0.000121392215657134
"289" "MCMT" "TotalWeight" -0.06 0.41 NA NA NA NA NA NA
"286" "MCMT" "LinearGthS02_Days" 0.06 0.43 0.0320034586097333 0.5036 1.14475760186415e-05 0.252525667732414 0.5596 0.000101244255560401
"264" "MAT" "Gth5.95pctS02_Days" 0.06 0.49 0.0225870595220723 0.5065 8.30723781486992e-06 0.428178621928229 0.617 0.000193508927361101
"248" "Longitude" "Gth5pctS02_Day" -0.06 0.1 0.0193306511940139 0.507 6.97945608310741e-06 -0.0125950257539043 0.5027 -5.20663850025935e-06
"203" "Latitude" "RootShoot_Ratio" 0.06 -0.21 0.165069565529571 0.5318 6.36118245980472e-05 0.151264305425384 0.5357 6.62322694986798e-05
"179" "FFP" "Gth5.95pctS02_Days" 0.06 0.18 0.033006608611749 0.5104 1.21428157463634e-05 0.273956914519458 0.5788 0.000123809704355126
"158" "EXT" "ColdInjurySpringS02_Mean" -0.06 0.04 0.0558940753946124 0.5157 2.19204177454087e-05 0.133997651362284 0.5358 5.96944645846093e-05
"101" "eFFP" "RootShoot_Ratio" 0.06 0.31 -0.0827508197760763 0.4812 -3.18895913651337e-05 0.272300803120859 0.5773 0.000119231162802418
"90" "eFFP" "ColdInjurySpringS02_Mean" 0.06 0.23 0.0268817099839822 0.5036 1.05456818512461e-05 0.188720394838745 0.5564 8.40721001179262e-05
"67" "DD0" "RootShoot_Ratio" -0.06 -0.38 -0.0881485869025466 0.4848 -3.39695871581874e-05 0.26283205936198 0.5664 0.000115084471858681
"10" "AHM" "Gth5pctS02_Day" 0.06 0.17 0.0276244380840309 0.5052 9.97563363157033e-06 0.0831810538658501 0.5186 3.43947909642889e-05
"370" "TD" "HtFinalS02_mm" 0.05 -0.06 0.0899968264440471 0.5223 3.5856318982859e-05 0.00236605073703504 0.5014 1.10298294495841e-06
"349" "SHM" "Gth5.95pctS02_Days" 0.05 0.13 0.0431437102834267 0.5126 1.58687051145542e-05 0.234197478557731 0.5641 0.000105841143793468
"334" "PAS" "Gth95pctS02_Day" 0.05 0.22 0.0382637221950995 0.5144 1.47414194804116e-05 -0.0990322005902697 0.4772 -4.52184848231149e-05
"278" "MCMT" "FinalRootWeightS02_g" 0.05 0.3 NA NA NA NA NA NA
"253" "Longitude" "MaxGthRate_mm_Day" 0.05 -0.11 -0.218674836683264 0.4556 -8.6882685395467e-05 0.151266209478136 0.5393 6.52283110677382e-05
"243" "Longitude" "ColdInjurySpringS02_Mean" 0.05 -0.17 0.124902728528225 0.5262 4.89913514017825e-05 -0.0379981463766186 0.4909 -1.69280537163489e-05
"224" "log(MSP)" "ColdInjuryFallS02_Mean" -0.05 0.16 0.045876682567334 0.5048 1.93816396151584e-05 0.0696843034427019 0.5249 3.70779190953751e-05
"175" "FFP" "ColdInjurySpringS02_Mean" -0.05 -0.02 0.0597772096597797 0.5181 2.34454681513811e-05 -0.146020102829382 0.4604 -6.50495190794888e-05
"120" "EMT" "BudBreakS02_day" -0.05 0.16 0.000505853796027372 0.4959 1.92613136952842e-07 0.0673586032926433 0.5124 2.96397893471192e-05
"117" "Elevation" "MaxGthRate_mm_Day" 0.05 0.37 -0.306052389372486 0.43 -0.000121598254056643 -0.185689213175424 0.4521 -8.00715428804965e-05
"82" "DD5" "LinearGthS02_Days" -0.05 0.08 0.0676048004219353 0.5156 2.41867732550669e-05 0.21686657934948 0.558 8.69471065380759e-05
"59" "DD0" "FinalStemDiamS02_mm" -0.05 -0.36 -0.0177894573630668 0.5005 -6.82136969190434e-06 0.226293230218468 0.5603 0.000100152404571465
"58" "DD0" "FinalShootWeightS02_g" -0.05 0.18 0.052961509283232 0.5151 2.07185827985378e-05 -0.318161482845631 0.4225 -0.000144628177566355
"31" "bFFP" "LinearGthS02_Days" 0.05 0.06 0.0518335827126136 0.5113 1.85431193377511e-05 -0.116971338487697 0.4678 -4.68960974758915e-05
"273" "MCMT" "BudBreakS02_day" -0.04 0.21 0.0571234633432534 0.5059 2.1808525329319e-05 0.155768889513497 0.5345 6.85384628631985e-05
"256" "MAT" "BudBreakS02_day" 0.04 0.14 0.0632361283354984 0.5209 2.41431874266995e-05 0.0821974683398379 0.5176 3.61682243524648e-05
"242" "Longitude" "ColdInjuryMidWinterS02_Mean" 0.04 -0.18 0.0398230162827786 0.5144 1.74741474293415e-05 -0.193585457192812 0.4427 -0.000101560190161555
"241" "Longitude" "ColdInjuryFallS02_Mean" 0.04 -0.22 0.0751486413981962 0.5206 3.17471369117154e-05 0.0160675473576094 0.4991 8.54566775450538e-06
"230" "log(MSP)" "Gth5.95pctS02_Days" -0.04 -0.11 0.0395547529837695 0.5109 1.45486260754122e-05 0.140196074351787 0.5392 6.33590891326846e-05
"200" "Latitude" "HtFinalS02_mm" 0.04 -0.09 0.0699412879276644 0.517 2.7867483245227e-05 0.0516753373511939 0.5086 2.40889481753264e-05
"193" "Latitude" "FinalRootWeightS02_g" 0.04 -0.17 NA NA NA NA NA NA
"136" "EMT" "TotalWeight" -0.04 0.44 NA NA NA NA NA NA
"135" "EMT" "RootShoot_Ratio" 0.04 0.36 -0.108690532266399 0.4816 -4.18857628141203e-05 0.346947993970448 0.5877 0.000151915616142525
"126" "EMT" "FinalShootWeightS02_g" 0.04 -0.15 0.0324305276973864 0.5116 1.26863563725938e-05 -0.3498478683674 0.4139 -0.000159031365857801
"77" "DD5" "Gth5.95pctS02_Days" 0.04 0.19 0.0254000900452293 0.5088 9.34113746260812e-06 0.344890470971232 0.5972 0.000155867299602724
"65" "DD0" "LinearGthS02_Days" -0.04 -0.45 0.0122289766784675 0.4998 4.3734192344226e-06 0.285162935573715 0.5686 0.000114329407028409
"61" "DD0" "Gth5pctS02_Day" -0.04 0.04 0.0537250591556296 0.5161 1.93988666149471e-05 -0.0574435966513309 0.4879 -2.37565030626509e-05
"44" "CMD" "Gth5pctS02_Day" 0.04 0.16 0.0169078765607587 0.502 6.10622937524184e-06 0.103501736926761 0.525 4.28000543899052e-05
"9" "AHM" "Gth5.95pctS02_Days" -0.04 0.01 0.0205855724769968 0.5039 7.58150954834126e-06 0.186509317334621 0.546 8.42881501937164e-05
"354" "SHM" "LinearGthS02_Days" -0.03 0.03 0.0282677406159914 0.5065 1.01151062498369e-05 0.127003614577695 0.5333 5.09185809206977e-05
"320" "NFFD" "LinearGthS02_Days" -0.03 0.24 0.0324084783623732 0.5071 1.15950658200008e-05 0.210742573115772 0.5594 8.44919846587078e-05
"311" "NFFD" "ColdInjurySpringS02_Mean" -0.03 0.16 0.0458865996046007 0.5158 1.79965302249054e-05 0.175127607955923 0.5508 7.80167854044276e-05
"303" "MWMT" "LinearGthS02_Days" -0.03 -0.02 0.0636265079211621 0.5143 2.27636295530865e-05 -0.156241357552206 0.4593 -6.2641079242985e-05
"272" "MAT" "TotalWeight" 0.03 0.39 NA NA NA NA NA NA
"252" "Longitude" "LinearGthS02_Days" 0.03 -0.08 -0.00644088264739155 0.5027 -2.30453920083789e-06 -0.0693274940102913 0.485 -2.77957451829471e-05
"236" "log(MSP)" "MaxGthRate_mm_Day" 0.03 0.13 -0.109869686978267 0.4693 -4.36514387139845e-05 -0.14047956595568 0.4588 -6.05764637028637e-05
"163" "EXT" "Gth5pctS02_Day" 0.03 0.2 0.0560205673049974 0.5103 2.02282702237544e-05 0.117011189118283 0.5314 4.8388613471689e-05
"146" "Eref" "Gth5pctS02_Day" 0.03 0.13 0.0542496149317581 0.511 1.95886372442936e-05 0.105790152792111 0.5281 4.37487582820329e-05
"137" "Eref" "BudBreakS02_day" 0.03 0.01 0.022812872353875 0.5095 8.7103296674067e-06 -0.00712372165753715 0.496 -3.13243853485486e-06
"127" "EMT" "FinalStemDiamS02_mm" 0.03 0.37 -0.0314559840412012 0.4975 -1.20615842749071e-05 0.294514706321908 0.5787 0.000130345542549404
"99" "eFFP" "LinearGthS02_Days" 0.03 0.25 0.00233100048319297 0.5011 8.32327821378406e-07 0.171728306263773 0.5482 6.88502412394333e-05
"52" "DD0" "BudBreakS02_day" 0.03 -0.17 0.0428426811874544 0.5021 1.63562836335689e-05 0.144699590461067 0.5323 6.36682927161366e-05
"26" "bFFP" "Gth5.95pctS02_Days" -0.03 -0.03 0.0235817353253366 0.5075 8.67595252578887e-06 0.224682379356886 0.562 0.000101540601773779
"20" "bFFP" "ColdInjuryFallS02_Mean" -0.03 0.32 0.0256245427769437 0.505 1.08253826863978e-05 0.0415151173313784 0.517 2.20911622223442e-05
"15" "AHM" "MaxGthRate_mm_Day" 0.03 -0.38 0.0935882376177149 0.5247 3.71822958600918e-05 -0.139531170506327 0.4623 -6.01681297068786e-05
"345" "SHM" "ColdInjurySpringS02_Mean" -0.02 -0.04 0.0272193400888251 0.5093 1.06730840229751e-05 -0.0525360654261587 0.4892 -2.34039469058191e-05
"288" "MCMT" "RootShoot_Ratio" 0.02 0.34 -0.150498725661656 0.47 -5.79968743615957e-05 0.231174810410418 0.5583 0.00010122292466762
"279" "MCMT" "FinalShootWeightS02_g" 0.02 -0.18 -0.0157224194942931 0.4983 -6.15162333087973e-06 -0.258209926836684 0.4387 -0.000117375572706585
"246" "Longitude" "FinalStemDiamS02_mm" 0.02 -0.23 0.0238940826339532 0.5 9.1615611376038e-06 0.120550896053809 0.5304 5.33548942008452e-05
"239" "Longitude" "BudBreakS02_day" -0.02 -0.05 -0.118790744531514 0.483 -4.53527182294204e-05 0.038946106979292 0.5089 1.71347424391231e-05
"231" "log(MSP)" "Gth5pctS02_Day" -0.02 -0.07 -0.0218401645644883 0.4931 -7.88461373532987e-06 0.071771785146926 0.5169 2.96791210880262e-05
"214" "log(MAP)" "Gth5pctS02_Day" -0.02 -0.14 -0.0234250098826327 0.4932 -8.45717462813657e-06 0.0684959102176725 0.5158 2.83210297927026e-05
"205" "log(MAP)" "BudBreakS02_day" -0.02 0.23 -0.0380115938274104 0.4915 -1.451168290694e-05 0.00871853438142182 0.5021 3.83840251636456e-06
"184" "FFP" "LinearGthS02_Days" -0.02 0.08 0.0254374518708626 0.5046 9.10077970463241e-06 0.149333138903008 0.5423 5.98710122124771e-05
"154" "EXT" "BudBreakS02_day" 0.02 -0.17 0.0460168107340631 0.5133 1.7569406907753e-05 0.144289964204175 0.5411 6.34844493756821e-05
"150" "Eref" "LinearGthS02_Days" 0.02 0.34 -0.0260549154816924 0.4961 -9.32289117955206e-06 0.324034086855718 0.5868 0.000129913762034828
"141" "Eref" "ColdInjurySpringS02_Mean" -0.02 0.22 0.0150078706641697 0.5051 5.88406545334951e-06 0.198233643547765 0.5565 8.83105857230393e-05
"129" "EMT" "Gth5pctS02_Day" 0.02 -0.04 0.0498961920563884 0.5124 1.80165066423863e-05 -0.160072456929348 0.4663 -6.61964342996836e-05
"68" "DD0" "TotalWeight" 0.02 -0.43 NA NA NA NA NA NA
"1" "AHM" "BudBreakS02_day" 0.02 -0.16 -0.0159040597874277 0.5003 -6.07090675957654e-06 0.0277746959655194 0.5087 1.22220680394598e-05
"282" "MCMT" "Gth5pctS02_Day" 0.01 -0.07 0.0298360197949335 0.5109 1.07732867571512e-05 -0.0216563281461983 0.4969 -8.95754124806258e-06
"269" "MAT" "LinearGthS02_Days" -0.01 0.44 0.0191305353843894 0.5054 6.8453302749312e-06 0.330693375629635 0.5841 0.000132583752584365
"255" "Longitude" "TotalWeight" 0.01 -0.21 NA NA NA NA NA NA
"254" "Longitude" "RootShoot_Ratio" -0.01 -0.18 0.0295748547601403 0.5087 1.13971729727046e-05 0.0760772947511842 0.5197 3.33124998039094e-05
"244" "Longitude" "FinalRootWeightS02_g" -0.01 -0.16 NA NA NA NA NA NA
"235" "log(MSP)" "LinearGthS02_Days" 0.01 -0.05 0.0142359512423804 0.5039 5.09523097432161e-06 0.0599749089262572 0.5156 2.40453788104003e-05
"226" "log(MSP)" "ColdInjurySpringS02_Mean" -0.01 0.01 -0.00194308521608361 0.4971 -7.59178837621087e-07 -0.00290064898806864 0.5019 -1.29226411582471e-06
"206" "log(MAP)" "BudSet_day" 0.01 0.03 0.074294908487763 0.523 3.19459161372103e-05 -0.0626592977223357 0.4853 -2.91156439302588e-05
"167" "EXT" "LinearGthS02_Days" 0.01 0.12 -0.0391106449540656 0.4937 -1.39938340543804e-05 0.198164899328103 0.554 7.94499104833196e-05
"102" "eFFP" "TotalWeight" -0.01 0.28 NA NA NA NA NA NA
"48" "CMD" "LinearGthS02_Days" -0.01 0.15 0.0269393186466213 0.5052 9.64022178841471e-06 0.193062660890462 0.5499 7.74032112833077e-05
"280" "MCMT" "FinalStemDiamS02_mm" 0 0.34 -0.0856306537775418 0.4841 -3.28336006533821e-05 0.200421808687441 0.554 8.87022857110408e-05
"260" "MAT" "ColdInjurySpringS02_Mean" 0 0.37 0.011565804791147 0.4971 4.53843621625516e-06 0.234484658028947 0.5662 0.000104459882841138
"247" "Longitude" "Gth5.95pctS02_Days" 0 -0.13 -0.0306569902728323 0.4977 -1.12812429962659e-05 -0.0166309824185757 0.4983 -7.51701198164592e-06
"111" "Elevation" "Gth5.95pctS02_Days" 0 0.06 -0.014407123162943 0.4956 -5.2988833031549e-06 -0.189328521307202 0.4525 -8.55633111093117e-05
"39" "CMD" "ColdInjurySpringS02_Mean" 0 0.08 -0.00567815586773292 0.4962 -2.22354399978905e-06 0.102098776226481 0.5246 4.54833587877715e-05
"11" "AHM" "Gth95pctS02_Day" 0 0.05 -0.00827998449940713 0.498 -3.19888882562001e-06 0.211460907899916 0.5519 9.65570182604358e-05
