tcontig	focal	ortho	pvalue	mannUstat	numsamp	mean_test_r2	mean_background_r2	q95	q99	pred_quantile	pred_p	emp_p	spruce	qvalue
comp1881_c0_seq1	MCMT	MCMT	0.00415533673584314	539728	92	0.00615464321607375	0.00593320282215071	NA	NA	NA	2.86614027945091	0.0479743031810175	comp2064_c0_seq1	0.339234577251821
comp1881_c0_seq1	MCMT	MCMT	0.00415533673584314	539728	92	0.00615464321607375	0.00593320282215071	NA	NA	NA	2.86614027945091	0.0479743031810175	comp6032_c1_seq1	0.339234577251821
comp1881_c0_seq1	EMT	EMT	0.00397994447478459	540107	92	0.00643316179751243	0.00605362855735853	NA	NA	NA	2.87976494288047	0.0479743031810175	comp2064_c0_seq1	0.31614092565964
comp1881_c0_seq1	EMT	EMT	0.00397994447478459	540107	92	0.00643316179751243	0.00605362855735853	NA	NA	NA	2.87976494288047	0.0479743031810175	comp6032_c1_seq1	0.31614092565964
comp33533_c0_seq1	LAT	LAT	2.18534948627607e-11	207773	23	0.038490559641063	0.00731660036362739	NA	NA	NA	6.69310713369815	0.000310848616723702	comp102107_c0_seq1	0.0195624782199897
comp51227_c0_seq1	Fall_cold_injury_p	Fall_cold_injury_p	0.00454903483115703	285683	46	0.0113706113778365	0.00704865948875669	NA	NA	NA	2.83737103852699	0.0470417573308466	comp87986_c0_seq1	0.727385763133353
comp51227_c0_seq1	Winter_cold_injury_p	Winter_cold_injury_p	4.95207796962428e-14	377838	46	0.00925985815105744	0.00437958377741369	NA	NA	NA	7.53320150842722	0	comp87986_c0_seq1	0.0233136462542693
comp5702_c1_seq1	LAT	LAT	6.72329158846139e-11	239842	28	0.0253558913080099	0.00731660036362739	NA	NA	NA	6.52673626280223	0.000414464822298233	comp6476_c0_seq1	0.0228228912566527
comp6272_c0_seq1	Fall_cold_injury_p	Fall_cold_injury_p	4.14879252785044e-08	249708	32	0.0153020883070137	0.00704865948875669	NA	NA	NA	5.48442879201867	0.00145062687804376	comp10014_c0_seq1	0.126559793951776
comp6272_c0_seq1	Fall_cold_injury_p	Fall_cold_injury_p	4.14879252785044e-08	249708	32	0.0153020883070137	0.00704865948875669	NA	NA	NA	5.48442879201867	0.00145062687804376	comp8058_c0_seq1	0.126559793951776
comp6272_c0_seq1	Winter_cold_injury_p	Winter_cold_injury_p	0.00358326243508788	207643	32	0.00561504546923819	0.00437958377741369	NA	NA	NA	2.91272395926947	0.0398922391462024	comp10014_c0_seq1	0.512900217594031
comp6272_c0_seq1	Winter_cold_injury_p	Winter_cold_injury_p	0.00358326243508788	207643	32	0.00561504546923819	0.00437958377741369	NA	NA	NA	2.91272395926947	0.0398922391462024	comp8058_c0_seq1	0.512900217594031
comp8021_c0_seq1	Winter_cold_injury_p	Winter_cold_injury_p	0.00346382509492162	167249	25	0.0134813433914839	0.00437958377741369	NA	NA	NA	2.92329876135076	0.0390633095016061	comp3905_c0_seq1	0.512900217594031
comp9808_c0_seq1	LAT	LAT	4.16743509615841e-06	216662	29	0.028447002007199	0.00731660036362739	NA	NA	NA	4.60288455195711	0.0086001450626878	comp14791_c0_seq1	0.177692510498213
comp9808_c0_seq1	LAT	LAT	4.16743509615841e-06	216662	29	0.028447002007199	0.00731660036362739	NA	NA	NA	4.60288455195711	0.0086001450626878	comp17701_c0_seq1	0.177692510498213
comp9808_c0_seq1	Fall_cold_injury_p	Fall_cold_injury_p	3.90495929618108e-07	223990	29	0.0152704765740592	0.00704865948875669	NA	NA	NA	5.07356549857794	0.00196870790591652	comp14791_c0_seq1	0.126559793951776
comp9808_c0_seq1	Fall_cold_injury_p	Fall_cold_injury_p	3.90495929618108e-07	223990	29	0.0152704765740592	0.00704865948875669	NA	NA	NA	5.07356549857794	0.00196870790591652	comp17701_c0_seq1	0.126559793951776
comp11579_c0_seq1	EMT	EMT	1.13094914369098e-09	206230	24	0.0309414233232144	0.00605362855735853	NA	NA	NA	6.08977430798503	0.000932545850170996	comp10747_c0_seq1	0.0255265808058797
comp11579_c0_seq1	DD_0	DD_0	3.56463386941639e-09	203589	24	0.0332043606921634	0.00585397037344904	NA	NA	NA	5.90326040392161	0.00113977826132006	comp10747_c0_seq1	0.045393771321973
comp11579_c0_seq1	TD	TD	1.76730238145538e-07	193947	24	0.0201880339474337	0.00594773628856611	NA	NA	NA	5.22231869132052	0.00259040513936382	comp10747_c0_seq1	0.0479610017146502
comp11579_c0_seq1	MCMT	MCMT	2.76042901799677e-09	204184	24	0.0276971029356484	0.00593320282215071	NA	NA	NA	5.94528076473862	0.000932545850170996	comp10747_c0_seq1	0.0269262866393192
comp14068_c0_seq1	LAT	LAT	9.05674777635113e-06	90541	10	0.0386905585456156	0.00731660036362739	NA	NA	NA	4.43860347981928	0.0102580043518806	comp14426_c0_seq1	0.177692510498213
comp14068_c0_seq1	DD_0	DD_0	0.00304736565242546	77063	10	0.0215968850594334	0.00585397037344904	NA	NA	NA	2.96297392699611	0.0431043415190135	comp14426_c0_seq1	0.367866406557279
comp15538_c1_seq1	MCMT	MCMT	4.12541395687625e-05	202725	28	0.0111759879211415	0.00593320282215071	NA	NA	NA	4.10037391162306	0.0110869339964771	comp19002_c0_seq1	0.147749367713184
comp15538_c1_seq1	TD	TD	3.11094860998822e-05	203717	28	0.0126924761090351	0.00594773628856611	NA	NA	NA	4.1652215946893	0.00994715573515703	comp19002_c0_seq1	0.110502147950554
comp15538_c1_seq1	EMT	EMT	0.000350110024143312	194690	28	0.00877398761599402	0.00605362855735853	NA	NA	NA	3.57512075291615	0.0227955652264014	comp19002_c0_seq1	0.213467897967291
comp15538_c1_seq1	DD_0	DD_0	1.95263134312751e-05	205324	28	0.0124986667420111	0.00585397037344904	NA	NA	NA	4.27027222643069	0.00797844782924051	comp19002_c0_seq1	0.142666138440484
comp19218_c0_seq1	Fall_cold_injury_p	Fall_cold_injury_p	0.000790807374918425	520232.5	86	0.0129166192680668	0.00704865948875669	NA	NA	NA	3.356011011801	0.0244534245155943	comp11478_c1_seq1	0.504422528047024
comp24943_c0_seq1	MCMT	MCMT	5.63958758030416e-06	152178	19	0.0412991416397823	0.00593320282215071	NA	NA	NA	4.5395094247989	0.00621697233447316	comp11478_c1_seq1	0.107705146557274
comp24943_c0_seq1	EMT	EMT	8.65416959274272e-06	151030	19	0.0408370020060648	0.00605362855735853	NA	NA	NA	4.44836673321001	0.00652782095119675	comp11478_c1_seq1	0.116145942666749
comp24943_c0_seq1	TD	TD	0.000110247608573395	143706	19	0.0273120318032084	0.00594773628856611	NA	NA	NA	3.86689541509418	0.01502434980831	comp11478_c1_seq1	0.143883005143949
comp24943_c0_seq1	DD_0	DD_0	5.96055045807024e-05	145564	19	0.038551088144631	0.00585397037344904	NA	NA	NA	4.01440684451242	0.0121230960522226	comp11478_c1_seq1	0.175090260813321
comp24943_c0_seq1	LAT	LAT	0.00022018710974775	141537	19	0.0146806052755185	0.00731660036362739	NA	NA	NA	3.69469289065491	0.0230027976375505	comp11478_c1_seq1	0.247155212633004
comp50791_c0_seq1	LAT	LAT	4.53415737662326e-05	465964	73	0.0122039551915853	0.00731660036362739	NA	NA	NA	4.07844648252686	0.0151279660138846	comp19002_c0_seq1	0.201948007483096
comp7002_c0_seq1	MCMT	MCMT	1.27137363907095e-06	239236	32	0.014346791285482	0.00593320282215071	NA	NA	NA	4.84420787181067	0.00497357786757846	comp10747_c0_seq1	0.0957379080509092
comp7002_c0_seq1	EMT	EMT	3.27619998547073e-06	236104	32	0.0189216493752624	0.00605362855735853	NA	NA	NA	4.65272850568276	0.00497357786757846	comp10747_c0_seq1	0.09832460754857
comp7002_c0_seq1	DD_0	DD_0	1.76249439137841e-05	230221	32	0.0153413830071746	0.00585397037344904	NA	NA	NA	4.29306276145208	0.00756398300694228	comp10747_c0_seq1	0.142017655993026
comp7002_c0_seq1	TD	TD	9.634742871909e-07	240132	32	0.0133504091163096	0.00594773628856611	NA	NA	NA	4.89898613236323	0.00424826442855664	comp10747_c0_seq1	0.0711842235975327
comp7939_c0_seq1	EMT	EMT	0.00253834492811919	83920	11	0.00926323165749531	0.00605362855735853	NA	NA	NA	3.01878475834373	0.0412392498186717	comp8203_c1_seq1	0.312232929289876
comp1020_c0_seq1	EMT	EMT	0.0010321154873873	254279	39	0.00872093773400686	0.00605362855735853	NA	NA	NA	3.28165054232609	0.0308776292612164	comp933_c0_seq1	0.261613687941732
comp1020_c0_seq1	DD_0	DD_0	0.00132306668272782	253002	39	0.00949653301650048	0.00585397037344904	NA	NA	NA	3.21095657409872	0.0311884778779401	comp933_c0_seq1	0.334616942887679
comp1020_c0_seq1	MCMT	MCMT	0.00294272422073424	248716	39	0.00823274953277176	0.00593320282215071	NA	NA	NA	2.97368613727607	0.0426898766967153	comp933_c0_seq1	0.32870015097479
comp10227_c0_seq1	Winter_cold_injury_p	Winter_cold_injury_p	0.00472858739346418	88268.5	12	0.00588134706426705	0.00437958377741369	NA	NA	NA	2.82501433707758	0.04393327116361	comp10825_c0_seq1	0.520262421674329
comp10479_c0_seq1	TD	TD	6.1088333448118e-06	171307	22	0.0100755801709608	0.00594773628856611	NA	NA	NA	4.522623992042	0.00652782095119675	comp10574_c0_seq1	0.0863298030863693
comp10479_c0_seq1	DD_0	DD_0	1.32458844019458e-07	181512	22	0.0138968835238959	0.00585397037344904	NA	NA	NA	5.27544794100034	0.00238317272821464	comp10574_c0_seq1	0.063921841249306
comp10479_c0_seq1	MCMT	MCMT	3.64112007638755e-06	172775	22	0.0109349449839245	0.00593320282215071	NA	NA	NA	4.63091851012832	0.00580250751217493	comp10574_c0_seq1	0.105815582582585
comp10479_c0_seq1	EMT	EMT	2.62909384635625e-11	200362	22	0.0210721393140663	0.00605362855735853	NA	NA	NA	6.66601447092337	0.000414464822298233	comp10574_c0_seq1	0.0184358639153571
comp1063_c0_seq1	EMT	EMT	1.07213882492728e-09	593964	86	0.0153037124824456	0.00605362855735853	NA	NA	NA	6.09830149379591	0.000932545850170996	comp2058_c0_seq1	0.0255265808058797
comp1063_c0_seq1	MCMT	MCMT	6.70850849420294e-05	537182	86	0.0110750574220871	0.00593320282215071	NA	NA	NA	3.98641257049128	0.0121230960522226	comp2058_c0_seq1	0.155574100582729
comp1063_c0_seq1	DD_0	DD_0	7.52502232982989e-06	550407	86	0.0108329506367808	0.00585397037344904	NA	NA	NA	4.47828906323024	0.00600973992332399	comp2058_c0_seq1	0.12537327317497
comp10726_c0_seq1	LAT	LAT	3.92879968614123e-06	241663.5	33	0.016836640672733	0.00731660036362739	NA	NA	NA	4.61514390593726	0.0086001450626878	comp6424_c0_seq1	0.177692510498213
comp10726_c0_seq1	DD_0	DD_0	0.0027104197871959	214814.5	33	0.013614187812346	0.00585397037344904	NA	NA	NA	2.99883368359534	0.040928401201948	comp6424_c0_seq1	0.357419395458716
comp10726_c0_seq1	MCMT	MCMT	0.00264999569010135	214928.5	33	0.0132396809486576	0.00593320282215071	NA	NA	NA	3.00569648538859	0.0413428660242462	comp6424_c0_seq1	0.32870015097479
comp11010_c0_seq1	LAT	LAT	0.000218977571028905	325638	50	0.0110052908418784	0.00731660036362739	NA	NA	NA	3.69607709303041	0.0230027976375505	comp15802_c0_seq1	0.247155212633004
comp11010_c0_seq1	Fall_cold_injury_p	Fall_cold_injury_p	0.000470694818218459	321562.5	50	0.0111178017179834	0.00704865948875669	NA	NA	NA	3.49692637259035	0.019894311470314	comp15802_c0_seq1	0.50308394548697
comp11148_c0_seq1	EMT	EMT	0.00348251046368629	207788.5	32	0.00618403643378515	0.00605362855735853	NA	NA	NA	2.92161931296411	0.0460055952751011	comp16028_c0_seq1	0.31614092565964
comp11148_c0_seq1	DD_0	DD_0	0.00367659346254836	207511.5	32	0.00678678016390716	0.00585397037344904	NA	NA	NA	2.90468451589597	0.0463164438918247	comp16028_c0_seq1	0.370048920016805
comp11148_c0_seq1	MCMT	MCMT	0.00036727930264101	218272.5	32	0.00720295186877028	0.00593320282215071	NA	NA	NA	3.56257387059023	0.0213449383483577	comp16028_c0_seq1	0.211421213612426
comp11148_c0_seq1	TD	TD	9.53154792562406e-05	223828.5	32	0.00877025067427819	0.00594773628856611	NA	NA	NA	3.90224799517729	0.0145062687804373	comp16028_c0_seq1	0.143883005143949
comp11347_c0_seq1	Fall_cold_injury_p	Fall_cold_injury_p	0.00190152238834213	233883.5	36	0.00968190128366763	0.00704865948875669	NA	NA	NA	3.10522595897385	0.033986115428453	comp1797_c1_seq1	0.588221228569379
comp11513_c0_seq1	EMT	EMT	0.000202053509928065	97189	12	0.0156266685496334	0.00605362855735853	NA	NA	NA	3.71648506930252	0.0184436845922702	comp6799_c0_seq1	0.187519072967631
comp11513_c0_seq1	TD	TD	0.00364725474084444	89091	12	0.0099612890941229	0.00594773628856611	NA	NA	NA	2.90721092664712	0.0467309087141229	comp6799_c0_seq1	0.295614174204841
comp11513_c0_seq1	DD_0	DD_0	0.000281135130440862	96345	12	0.0169135417083267	0.00585397037344904	NA	NA	NA	3.6321398758719	0.0188581494145684	comp6799_c0_seq1	0.233453681084428
comp11513_c0_seq1	MCMT	MCMT	0.000515455338803484	94749	12	0.015464518533877	0.00593320282215071	NA	NA	NA	3.47264351483485	0.0238317272821469	comp6799_c0_seq1	0.223172826199756
comp11623_c0_seq1	Fall_cold_injury_p	Fall_cold_injury_p	0.000805125809637759	161449	23	0.0127164265040578	0.00704865948875669	NA	NA	NA	3.3510626287082	0.0246606569267434	comp17915_c2_seq1	0.504422528047024
comp12115_c0_seq1	DD_0	DD_0	0.00373178275533159	314940.5	51	0.00678008120296377	0.00585397037344904	NA	NA	NA	2.90001107433944	0.0463164438918247	comp13676_c0_seq1	0.370048920016805
comp12211_c0_seq1	TD	TD	1.29880515539274e-05	117132.5	14	0.0281172038702371	0.00594773628856611	NA	NA	NA	4.36035254627353	0.00787483162366598	comp13004_c0_seq1	0.0947229783864329
comp12211_c0_seq1	MCMT	MCMT	6.10061070051928e-07	123917.5	14	0.0293234563552313	0.00593320282215071	NA	NA	NA	4.98805088662182	0.00373018340068387	comp13004_c0_seq1	0.0760271622757225
comp12211_c0_seq1	EMT	EMT	2.34819190465239e-07	125878.5	14	0.0332258362459565	0.00605362855735853	NA	NA	NA	5.16946819619042	0.00269402134493835	comp13004_c0_seq1	0.0563920543293273
comp12211_c0_seq1	DD_0	DD_0	7.32040142008311e-07	123535.5	14	0.0338030084494731	0.00585397037344904	NA	NA	NA	4.95271105375328	0.00331571857838564	comp13004_c0_seq1	0.0778178936948086
comp12288_c0_seq1	Winter_cold_injury_p	Winter_cold_injury_p	4.71664272792316e-07	217061	28	0.00947287924498317	0.00437958377741369	NA	NA	NA	5.03752752496747	0.00217594031706558	comp8014_c0_seq1	0.166526044673388
comp12390_c0_seq1	LAT	LAT	0.0011297062929989	59879	7	0.0213652381083058	0.00731660036362739	NA	NA	NA	3.25612354567622	0.0382343798570096	comp11641_c0_seq1	0.345995031450833
comp12635_c0_seq1	DD_0	DD_0	0.0025278929208318	255250.5	40	0.00642320383680778	0.00585397037344904	NA	NA	NA	3.02000982901445	0.039995855351777	comp13734_c0_seq1	0.357419395458716
comp12831_c0_seq1	LAT	LAT	3.85165708747372e-08	211031	26	0.0208664207766607	0.00731660036362739	NA	NA	NA	5.49755572389501	0.00279763755051288	comp12799_c0_seq1	0.10270301065493
comp12934_c0_seq1	Fall_cold_injury_p	Fall_cold_injury_p	1.7184499499896e-06	200514	26	0.016029309670735	0.00704865948875669	NA	NA	NA	4.78402888172098	0.00321210237281111	comp10561_c0_seq1	0.160605118640556
comp13084_c0_seq1	Fall_cold_injury_p	Fall_cold_injury_p	0.000213985256017241	601860	99	0.0111544769641722	0.00704865948875669	NA	NA	NA	3.70192408676818	0.0153351984250337	comp15187_c0_seq1	0.488032328256138
comp13360_c0_seq1	EMT	EMT	0.00313546887001121	265386	42	0.0081872257615981	0.00605362855735853	NA	NA	NA	2.95416159464935	0.0442441197803336	comp22134_c1_seq1	0.31614092565964
comp13360_c0_seq1	MCMT	MCMT	0.000762643280665678	273108	42	0.00884948945528859	0.00593320282215071	NA	NA	NA	3.36603527814125	0.0275619106828308	comp22134_c1_seq1	0.249470895017274
comp13478_c0_seq1	TD	TD	7.56230312076246e-08	450562	65	0.0200887188181217	0.00594773628856611	NA	NA	NA	5.37729306486987	0.00186509170034188	comp11950_c0_seq1	0.0369984870370144
comp13478_c0_seq1	Winter_cold_injury_p	Winter_cold_injury_p	0.000556281424392683	405608	65	0.00558357668273526	0.00437958377741369	NA	NA	NA	3.45210206410403	0.0202051600870377	comp11950_c0_seq1	0.41328736541668
comp13478_c0_seq1	MCMT	MCMT	4.03414001542542e-09	462366	65	0.0203258809512645	0.00593320282215071	NA	NA	NA	5.88280880480491	0.000932545850170996	comp11950_c0_seq1	0.0269262866393192
comp13478_c0_seq1	LAT	LAT	5.23577725473372e-20	538868	65	0.0240129155079506	0.00731660036362739	NA	NA	NA	9.15906813524465	0	comp11950_c0_seq1	0.0114114456283232
comp13478_c0_seq1	EMT	EMT	2.26289416994099e-07	445870	65	0.0158534024793095	0.00605362855735853	NA	NA	NA	5.17635441256766	0.00269402134493835	comp11950_c0_seq1	0.0563920543293273
comp13478_c0_seq1	DD_0	DD_0	1.33445622382456e-05	426677	65	0.0191474483200706	0.00585397037344904	NA	NA	NA	4.3543988384764	0.00694228577349498	comp11950_c0_seq1	0.137205233619795
comp13602_c0_seq1	Fall_cold_injury_p	Fall_cold_injury_p	0.00387504007885597	57068	7	0.0193712970117272	0.00704865948875669	NA	NA	NA	2.8882243822494	0.0434151901357372	comp9677_c0_seq1	0.697744127181491
comp13730_c0_seq1	EMT	EMT	0.00429650346973067	148709	22	0.013320864378149	0.00605362855735853	NA	NA	NA	2.8555670985035	0.0491140814423375	comp16642_c0_seq1	0.317767254395607
comp13730_c0_seq1	TD	TD	0.000646155675027156	156245	22	0.013664239641643	0.00594773628856611	NA	NA	NA	3.41149863004196	0.0252823541601906	comp16642_c0_seq1	0.195840757001486
comp13730_c0_seq1	DD_0	DD_0	0.0026436961253584	150754	22	0.0147140761571128	0.00585397037344904	NA	NA	NA	3.00642696872592	0.0408247849963734	comp16642_c0_seq1	0.357419395458716
comp13819_c0_seq1	TD	TD	0.000912878321810073	73733	9	0.010146085565628	0.00594773628856611	NA	NA	NA	3.31614339953613	0.0280799917107035	comp15093_c0_seq1	0.210523554894832
comp13819_c0_seq1	LAT	LAT	0.00125454666537202	72954	9	0.0211213925276001	0.00731660036362739	NA	NA	NA	3.22623716947875	0.0400994715573516	comp15093_c0_seq1	0.346370937895061
comp13819_c0_seq1	EMT	EMT	0.000333522903034983	76087	9	0.0115305575235962	0.00605362855735853	NA	NA	NA	3.58782409986356	0.0224847166096778	comp15093_c0_seq1	0.213467897967291
comp14017_c0_seq1	LAT	LAT	7.83164725132454e-05	119192.5	15	0.0130382387086575	0.00731660036362739	NA	NA	NA	3.94953899547241	0.0175111387420993	comp12600_c0_seq1	0.226886389551416
comp14139_c0_seq1	TD	TD	0.00292033598332862	243062	38	0.0087894821785043	0.00594773628856611	NA	NA	NA	2.97602936994669	0.0425862604911408	comp16971_c0_seq1	0.287766010287898
comp1460_c0_seq1	Winter_cold_injury_p	Winter_cold_injury_p	0.00463291243745483	118732.5	17	0.011973725895739	0.00437958377741369	NA	NA	NA	2.83154962715071	0.0435188063413118	comp737_c0_seq1	0.520262421674329
comp1460_c0_seq1	Fall_cold_injury_p	Fall_cold_injury_p	0.000541403342220945	126212.5	17	0.0169898100062867	0.00704865948875669	NA	NA	NA	3.45943049014893	0.021034089731634	comp737_c0_seq1	0.50308394548697
comp1460_c0_seq1	LAT	LAT	0.000129731669216223	130591.5	17	0.0229602195488093	0.00731660036362739	NA	NA	NA	3.82700940713679	0.0193762304424412	comp737_c0_seq1	0.237104481388544
comp14798_c0_seq1	Winter_cold_injury_p	Winter_cold_injury_p	0.00230269467335791	139393	20	0.00941666459050031	0.00437958377741369	NA	NA	NA	3.04816975943714	0.0348150450730494	comp20005_c0_seq1	0.512900217594031
comp14798_c0_seq1	TD	TD	2.12485628734034e-06	161273	20	0.0207614930592211	0.00594773628856611	NA	NA	NA	4.74121051125814	0.00486996166200393	comp20005_c0_seq1	0.0711842235975327
comp14798_c0_seq1	DD_0	DD_0	4.24742401716174e-05	152904	20	0.0159852460066951	0.00585397037344904	NA	NA	NA	4.09363016153282	0.0104652367630297	comp20005_c0_seq1	0.166984230220112
comp14798_c0_seq1	EMT	EMT	1.75971332498852e-05	155486	20	0.0158610140744796	0.00605362855735853	NA	NA	NA	4.29342135080164	0.00818568024038957	comp20005_c0_seq1	0.127514725414552
comp14798_c0_seq1	LAT	LAT	1.0766829772124e-05	156879	20	0.0169585771343353	0.00731660036362739	NA	NA	NA	4.40120954857526	0.0110869339964771	comp20005_c0_seq1	0.177692510498213
comp14798_c0_seq1	MCMT	MCMT	7.50607825004236e-08	169511	20	0.0233113427021258	0.00593320282215071	NA	NA	NA	5.37865428244193	0.00217594031706558	comp20005_c0_seq1	0.0502624017267274
comp1486_c0_seq1	EMT	EMT	6.74632182889778e-14	310018	36	0.0488868065792123	0.00605362855735853	NA	NA	NA	7.49274395193078	0.00010361620557453	comp1229_c0_seq1	0.00737434556614124
comp1486_c0_seq1	DD_0	DD_0	4.85713083989652e-13	305446	36	0.0459323994873455	0.00585397037344904	NA	NA	NA	7.22926639229883	0.000207232411149061	comp1229_c0_seq1	0.0129696489491322
comp1486_c0_seq1	MCMT	MCMT	2.2327665019525e-13	307265	36	0.0396024666403894	0.00593320282215071	NA	NA	NA	7.33409265672808	0.00010361620557453	comp1229_c0_seq1	0.00718034310381672
comp1486_c0_seq1	TD	TD	4.94079233083965e-12	299859	36	0.0278197005177884	0.00594773628856611	NA	NA	NA	6.90729589237238	0.000518081027872763	comp1229_c0_seq1	0.0287766010287883
comp15091_c0_seq1	Winter_cold_injury_p	Winter_cold_injury_p	0.000805386274700755	179391.5	26	0.00688801649015664	0.00437958377741369	NA	NA	NA	3.35097090665005	0.0230027976375505	comp12704_c0_seq1	0.431302455704072
comp15091_c0_seq1	LAT	LAT	0.00213579845627261	175260.5	26	0.0180155513142853	0.00731660036362739	NA	NA	NA	3.0707028278233	0.0480779193865921	comp12704_c0_seq1	0.390063959659131
comp15505_c0_seq1	Fall_cold_injury_p	Fall_cold_injury_p	1.29242455583975e-05	397821	60	0.00936671310222606	0.00704865948875669	NA	NA	NA	4.36140604844488	0.00621697233447316	comp16474_c0_seq1	0.254330686410266
comp15581_c0_seq1	Winter_cold_injury_p	Winter_cold_injury_p	1.12716005410646e-05	137313.5	17	0.00926729995647062	0.00437958377741369	NA	NA	NA	4.39126277091674	0.00580250751217493	comp19324_c0_seq1	0.21759403170656
comp15605_c0_seq1	DD_0	DD_0	2.70305858291829e-27	442384	46	0.0641468744230227	0.00585397037344904	NA	NA	NA	10.8221936793369	0	comp1566_c2_seq1	0.00957641145629657
comp15605_c0_seq1	MCMT	MCMT	6.53720145115215e-27	440790	46	0.0604136156724287	0.00593320282215071	NA	NA	NA	10.7409701562614	0	comp1566_c2_seq1	0.00718034310381672
comp15605_c0_seq1	TD	TD	3.69321035584117e-27	441822	46	0.0619718107039571	0.00594773628856611	NA	NA	NA	10.7935565275374	0	comp1566_c2_seq1	0.00719415025719594
comp15605_c0_seq1	Winter_cold_injury_p	Winter_cold_injury_p	7.31242248523397e-07	327200	46	0.00602484267423844	0.00437958377741369	NA	NA	NA	4.95290241087627	0.00238317272821464	comp1566_c2_seq1	0.166526044673388
comp15605_c0_seq1	EMT	EMT	2.63039167675674e-27	442433	46	0.0657607267625527	0.00605362855735853	NA	NA	NA	10.8246905128568	0	comp1566_c2_seq1	0.00737434556614124
comp15703_c0_seq1	LAT	LAT	3.27833985654133e-05	114894	14	0.0231203416096231	0.00731660036362739	NA	NA	NA	4.15326297591691	0.0137809553414154	comp11679_c0_seq1	0.201948007483096
comp1623_c0_seq1	LAT	LAT	0.000210005014415084	154089	21	0.0141505603109292	0.00731660036362739	NA	NA	NA	3.70670446828765	0.0223811004041032	comp2541_c0_seq1	0.247155212633004
comp16230_c0_seq1	EMT	EMT	0.00290228241146607	305326	49	0.00928969358706729	0.00605362855735853	NA	NA	NA	2.97792723666406	0.0431043415190135	comp20162_c0_seq1	0.31614092565964
comp16230_c0_seq1	MCMT	MCMT	0.000104253824579781	323610	49	0.0112147145495003	0.00593320282215071	NA	NA	NA	3.88049696771147	0.0145062687804373	comp20162_c0_seq1	0.158191934005995
comp16230_c0_seq1	Winter_cold_injury_p	Winter_cold_injury_p	7.97223236757993e-06	335470	49	0.00590450902414544	0.00437958377741369	NA	NA	NA	4.46595294070547	0.00528442648430216	comp20162_c0_seq1	0.21759403170656
comp16230_c0_seq1	TD	TD	2.87678131551115e-08	357406	49	0.0146503761366139	0.00594773628856611	NA	NA	NA	5.54879967119419	0.00155424308361829	comp20162_c0_seq1	0.0369984870370144
comp1650_c0_seq1	LAT	LAT	8.18078136731704e-06	405877	61	0.0167113290453141	0.00731660036362739	NA	NA	NA	4.46041951464161	0.00994715573515703	comp1565_c0_seq1	0.177692510498213
comp16861_c0_seq1	Fall_cold_injury_p	Fall_cold_injury_p	0.00484579250333909	240229	38	0.010535233633934	0.00704865948875669	NA	NA	NA	2.81713805026295	0.0484923842088902	comp19034_c0_seq1	0.727385763133353
comp16861_c0_seq1	TD	TD	5.21286705110428e-08	287064	38	0.013406244510343	0.00594773628856611	NA	NA	NA	5.44392059787618	0.00155424308361829	comp19034_c0_seq1	0.0369984870370144
comp16861_c0_seq1	Winter_cold_injury_p	Winter_cold_injury_p	2.67441709523636e-06	273700	38	0.00794695454702655	0.00437958377741369	NA	NA	NA	4.69438879545698	0.00331571857838564	comp19034_c0_seq1	0.186509170034192
comp16861_c0_seq1	EMT	EMT	7.36550959277256e-09	293099	38	0.0258260939960457	0.00605362855735853	NA	NA	NA	5.78239892978278	0.00134701067246923	comp19034_c0_seq1	0.0342380329856644
comp16861_c0_seq1	MCMT	MCMT	3.08804315183087e-09	295675	38	0.0223482160959523	0.00593320282215071	NA	NA	NA	5.92687617634308	0.000932545850170996	comp19034_c0_seq1	0.0269262866393192
comp16861_c0_seq1	DD_0	DD_0	2.30323950646049e-08	289625	38	0.0208919063362065	0.00585397037344904	NA	NA	NA	5.58755655612188	0.00145062687804376	comp19034_c0_seq1	0.045393771321973
comp17039_c0_seq1	LAT	LAT	1.38424916844339e-09	192111	22	0.026657757844949	0.00731660036362739	NA	NA	NA	6.05733731238783	0.00113977826132006	comp19126_c0_seq1	0.0456457825133021
comp17039_c0_seq1	Fall_cold_injury_p	Fall_cold_injury_p	0.000248400836304558	159667	22	0.0111203047532005	0.00704865948875669	NA	NA	NA	3.66393993855106	0.0162677442752046	comp19126_c0_seq1	0.488032328256138
comp17343_c0_seq1	EMT	EMT	4.04428360006755e-05	275099.5	40	0.0102235890386474	0.00605362855735853	NA	NA	NA	4.10496245561707	0.0111905502020516	comp27926_c0_seq1	0.14617006390033
comp17343_c0_seq1	DD_0	DD_0	0.00161587574664404	257684.5	40	0.0084854273019736	0.00585397037344904	NA	NA	NA	3.15305303991428	0.0330535695782821	comp27926_c0_seq1	0.344776501231168
comp17343_c0_seq1	MCMT	MCMT	2.65128930351533e-05	276866.5	40	0.011666186914834	0.00593320282215071	NA	NA	NA	4.20154723526374	0.00984353952958239	comp27926_c0_seq1	0.142110957263069
comp17945_c0_seq1	Winter_cold_injury_p	Winter_cold_injury_p	0.00101908517089991	117967	16	0.0117471834127551	0.00437958377741369	NA	NA	NA	3.28524737606663	0.0250751217490416	comp1693_c6_seq1	0.451352191482749
comp1802_c0_seq1	Fall_cold_injury_p	Fall_cold_injury_p	5.06404029518659e-06	228443.5	31	0.0218705549241501	0.00704865948875669	NA	NA	NA	4.56214810077973	0.00455911304528023	comp2491_c0_seq1	0.20516008703761
comp1802_c0_seq1	DD_0	DD_0	0.00104584736215651	207769.5	31	0.0128030916440148	0.00585397037344904	NA	NA	NA	3.27792485657813	0.0285980727385763	comp2491_c0_seq1	0.315849097937754
comp18993_c0_seq1	TD	TD	5.43931771815199e-08	324332	44	0.0163839963186748	0.00594773628856611	NA	NA	NA	5.43634295856244	0.00165785928919282	comp20822_c0_seq1	0.0369984870370144
comp18993_c0_seq1	Fall_cold_injury_p	Fall_cold_injury_p	0.00149319657714353	280953	44	0.011055038477273	0.00704865948875669	NA	NA	NA	3.17602856605123	0.0310848616723656	comp20822_c0_seq1	0.559527510102581
comp18993_c0_seq1	MCMT	MCMT	6.34098192919286e-08	323806	44	0.0150731256421706	0.00593320282215071	NA	NA	NA	5.40893510290738	0.00207232411149105	comp20822_c0_seq1	0.0502624017267274
comp18993_c0_seq1	EMT	EMT	6.81337206163769e-05	296435	44	0.0112115268269125	0.00605362855735853	NA	NA	NA	3.98273659124449	0.0128484094912444	comp20822_c0_seq1	0.15765842244857
comp18993_c0_seq1	DD_0	DD_0	1.49129484150076e-08	328674	44	0.0165549369114885	0.00585397037344904	NA	NA	NA	5.66258803319034	0.00134701067246923	comp20822_c0_seq1	0.045393771321973
comp1945_c0_seq1	TD	TD	1.98947397621568e-08	219312	27	0.0246638834343733	0.00594773628856611	NA	NA	NA	5.61294736668754	0.00155424308361829	comp3348_c0_seq1	0.0369984870370144
comp1945_c0_seq1	EMT	EMT	7.00371741725416e-11	232946	27	0.0291440466988812	0.00605362855735853	NA	NA	NA	6.52061085939817	0.000518081027872763	comp3348_c0_seq1	0.0184358639153571
comp1945_c0_seq1	DD_0	DD_0	1.16694570933701e-09	226399	27	0.0190215721187247	0.00585397037344904	NA	NA	NA	6.08475396583968	0.000828929644596466	comp3348_c0_seq1	0.0444673678256079
comp1945_c0_seq1	MCMT	MCMT	8.30540123170078e-10	227214	27	0.0228642836035928	0.00593320282215071	NA	NA	NA	6.13901139187453	0.000725313439021824	comp3348_c0_seq1	0.0269262866393192
comp1974_c0_seq1	DD_0	DD_0	0.000134778829876379	269842	40	0.00797662353008307	0.00585397037344904	NA	NA	NA	3.81758584045443	0.0156460470417573	comp3671_c0_seq1	0.205278236815618
comp1974_c0_seq1	Winter_cold_injury_p	Winter_cold_injury_p	4.12098782016924e-05	275020	40	0.00662301115256285	0.00437958377741369	NA	NA	NA	4.10061696043772	0.00808206403481504	comp3671_c0_seq1	0.27976375505129
comp1974_c0_seq1	MCMT	MCMT	0.00247525251904703	255367	40	0.00709818389792376	0.00593320282215071	NA	NA	NA	3.02637775591249	0.0405139363796497	comp3671_c0_seq1	0.32870015097479
comp1974_c0_seq1	EMT	EMT	4.18472561274847e-05	274955	40	0.00914842299627783	0.00605362855735853	NA	NA	NA	4.09706403985083	0.0115013988187752	comp3671_c0_seq1	0.14617006390033
comp20001_c0_seq1	EMT	EMT	0.00029120426442292	140634.5	19	0.0161625108562441	0.00605362855735853	NA	NA	NA	3.62304107954082	0.0212413221427832	comp18112_c0_seq1	0.209964005702678
comp2053_c0_seq1	LAT	LAT	0.0011690500127971	276587.5	43	0.00951479190490863	0.00731660036362739	NA	NA	NA	3.24635207596846	0.0388560770904569	comp3722_c0_seq1	0.345995031450833
comp20970_c0_seq1	LAT	LAT	1.89427955357246e-09	703618	105	0.0132976036787258	0.00731660036362739	NA	NA	NA	6.00663923794609	0.00113977826132006	comp30108_c1_seq1	0.0456457825133021
comp21328_c0_seq1	Winter_cold_injury_p	Winter_cold_injury_p	0.000805668324799552	301474.5	47	0.00604916793705145	0.00437958377741369	NA	NA	NA	3.35086522347974	0.0230027976375505	comp22395_c0_seq1	0.431302455704072
comp21336_c0_seq1	Winter_cold_injury_p	Winter_cold_injury_p	0.00122976684284786	85962	11	0.0179462520750393	0.00437958377741369	NA	NA	NA	3.23193684951033	0.0273546782716817	comp19893_c0_seq1	0.455911304528028
comp22528_c0_seq1	TD	TD	0.00365261853171295	101420	14	0.0151215871768354	0.00594773628856611	NA	NA	NA	2.9067475097632	0.0468345249196974	comp19767_c0_seq1	0.295614174204841
comp22528_c0_seq1	Winter_cold_injury_p	Winter_cold_injury_p	0.00115812266403147	105120	14	0.00678011950255477	0.00437958377741369	NA	NA	NA	3.24904432027001	0.0266293648326599	comp19767_c0_seq1	0.455911304528028
comp2254_c0_seq1	DD_0	DD_0	0.000601939710018925	113388	15	0.0162699261844006	0.00585397037344904	NA	NA	NA	3.43078357092707	0.0239353434877215	comp2380_c0_seq1	0.272362627931832
comp2254_c0_seq1	EMT	EMT	0.000194250269884627	116696	15	0.0176756826358411	0.00605362855735853	NA	NA	NA	3.72642366816128	0.0183400683866957	comp2380_c0_seq1	0.187519072967631
comp2280_c0_seq1	EMT	EMT	0.00366705307649147	275761	44	0.00626991751138854	0.00605362855735853	NA	NA	NA	2.90549323038378	0.0469381411252719	comp2254_c0_seq1	0.31614092565964
comp22966_c0_seq1	MCMT	MCMT	0.00290826142954346	120469	17	0.0102803128471997	0.00593320282215071	NA	NA	NA	2.977313680439	0.0426898766967153	comp25172_c0_seq1	0.32870015097479
comp22966_c0_seq1	LAT	LAT	0.00088966295336543	124591	17	0.0150012205548419	0.00731660036362739	NA	NA	NA	3.32331968542278	0.0353331261009222	comp25172_c0_seq1	0.338374170370352
comp22966_c0_seq1	TD	TD	0.000111226255204345	131041	17	0.0139214161979814	0.00594773628856611	NA	NA	NA	3.86474101782097	0.01502434980831	comp25172_c0_seq1	0.143883005143949
comp23416_c1_seq1	DD_0	DD_0	8.99414945086401e-05	144328	19	0.0119669513720165	0.00585397037344904	NA	NA	NA	3.91627760513624	0.01388457154699	comp25660_c0_seq1	0.193103662131564
comp23416_c1_seq1	LAT	LAT	3.31832676948865e-06	153571	19	0.0312269379244107	0.00731660036362739	NA	NA	NA	4.65010330056833	0.00797844782924051	comp25660_c0_seq1	0.177692510498213
comp23416_c1_seq1	EMT	EMT	2.02324320951065e-05	148687	19	0.0119900670442848	0.00605362855735853	NA	NA	NA	4.26234989837312	0.0086001450626878	comp25660_c0_seq1	0.127514725414552
comp23591_c0_seq1	MCMT	MCMT	0.000389771223995638	206169	30	0.00827237904521295	0.00593320282215071	NA	NA	NA	3.54694596581037	0.0218630193762305	comp36700_c0_seq1	0.211421213612426
comp23591_c0_seq1	LAT	LAT	0.00133631959228374	200803	30	0.0134351599411907	0.00731660036362739	NA	NA	NA	3.20809513968673	0.0414464822298207	comp36700_c0_seq1	0.351121403948481
comp2487_c0_seq1	TD	TD	0.000143923062750836	298782	45	0.0173907278066752	0.00594773628856611	NA	NA	NA	3.80135301624711	0.0158532794529065	comp2939_c0_seq1	0.146760665246829
comp2487_c0_seq1	Winter_cold_injury_p	Winter_cold_injury_p	0.00240989875787619	283897	45	0.010342678372549	0.00437958377741369	NA	NA	NA	3.03445675907276	0.0355403585120713	comp2939_c0_seq1	0.512900217594031
comp2487_c0_seq1	MCMT	MCMT	9.27949217524401e-05	300866	45	0.0165931900701223	0.00593320282215071	NA	NA	NA	3.90872364439298	0.014091803958139	comp2939_c0_seq1	0.158191934005995
comp2487_c0_seq1	LAT	LAT	1.33363258589355e-05	309519	45	0.0164589581568257	0.00731660036362739	NA	NA	NA	4.35453844542286	0.0112941664076261	comp2939_c0_seq1	0.177692510498213
comp2487_c0_seq1	DD_0	DD_0	0.00215294378670079	284554	45	0.0142465056820845	0.00585397037344904	NA	NA	NA	3.06830632850262	0.0375090664179878	comp2939_c0_seq1	0.356016863653752
comp2692_c0_seq1	Winter_cold_injury_p	Winter_cold_injury_p	0.0004822403986675	94927.5	12	0.016901568477713	0.00437958377741369	NA	NA	NA	3.49048192363505	0.0195834628535902	comp2075_c0_seq1	0.41328736541668
comp27199_c0_seq1	Winter_cold_injury_p	Winter_cold_injury_p	0.0045423758113195	43324	5	0.0108951038598002	0.00437958377741369	NA	NA	NA	2.8378906339128	0.0433115739301627	comp43577_c0_seq1	0.520262421674329
comp27237_c0_seq1	LAT	LAT	0.000167004550477496	327035	50	0.0190539998898184	0.00731660036362739	NA	NA	NA	3.76434198235804	0.0212413221427832	comp17815_c0_seq1	0.246246984611238
comp27237_c0_seq1	Fall_cold_injury_p	Fall_cold_injury_p	0.00103784289587435	317125	50	0.0113926147228736	0.00704865948875669	NA	NA	NA	3.28008639664806	0.0274582944772562	comp17815_c0_seq1	0.520671433012123
comp27237_c0_seq1	TD	TD	0.00305359419812227	310622	50	0.0121153206752278	0.00594773628856611	NA	NA	NA	2.96231504711507	0.0435188063413118	comp17815_c0_seq1	0.287766010287898
comp27462_c0_seq1	LAT	LAT	4.44005222175209e-10	543624	77	0.0195619103458495	0.00731660036362739	NA	NA	NA	6.23773586367969	0.000828929644596466	comp24975_c0_seq1	0.0405740289007159
comp28930_c0_seq1	TD	TD	0.00168823854208709	134553.5	19	0.0102134736786606	0.00594773628856611	NA	NA	NA	3.14025474892062	0.0353331261009222	comp34926_c0_seq1	0.245320523770434
comp28930_c0_seq1	Winter_cold_injury_p	Winter_cold_injury_p	0.000316887031978077	140358.5	19	0.00966772859238017	0.00437958377741369	NA	NA	NA	3.60112872511702	0.0164749766863538	comp34926_c0_seq1	0.41328736541668
comp291_c0_seq1	EMT	EMT	0.000131580487882114	299212	45	0.032320639099805	0.00605362855735853	NA	NA	NA	3.82350722454976	0.0162677442752046	comp505_c0_seq1	0.18090191466944
comp291_c0_seq1	Fall_cold_injury_p	Fall_cold_injury_p	0.000558978227769107	291978	45	0.0112674798150431	0.00704865948875669	NA	NA	NA	3.45080131091864	0.0212413221427832	comp505_c0_seq1	0.50308394548697
comp291_c0_seq1	MCMT	MCMT	9.55027240217447e-05	300731	45	0.0319654777417622	0.00593320282215071	NA	NA	NA	3.90176825341425	0.014091803958139	comp505_c0_seq1	0.158191934005995
comp291_c0_seq1	TD	TD	3.19336814619012e-06	315409	45	0.0350441548308921	0.00594773628856611	NA	NA	NA	4.65799957775453	0.00486996166200393	comp505_c0_seq1	0.0711842235975327
comp291_c0_seq1	DD_0	DD_0	0.00355918518156894	281575	45	0.0272742177585236	0.00585397037344904	NA	NA	NA	2.91482403423844	0.0456947466583774	comp505_c0_seq1	0.370048920016805
comp2976_c0_seq1	LAT	LAT	1.06530470387396e-05	232027.5	32	0.0152104516150575	0.00731660036362739	NA	NA	NA	4.40350576110408	0.0110869339964771	comp2195_c0_seq1	0.177692510498213
comp3065_c0_seq1	LAT	LAT	5.73308864052589e-14	390649	48	0.0214381959836578	0.00731660036362739	NA	NA	NA	7.51406304204595	0.00010361620557453	comp2251_c0_seq1	0.0114114456283232
comp30980_c1_seq1	MCMT	MCMT	0.000185735061417076	203192	29	0.0112703553151082	0.00593320282215071	NA	NA	NA	3.73770000624443	0.0176147549476738	comp45119_c0_seq1	0.184948231461985
comp30980_c1_seq1	LAT	LAT	0.000149125803511504	204046	29	0.0114362471646525	0.00731660036362739	NA	NA	NA	3.79255283490357	0.0206196249093358	comp45119_c0_seq1	0.245500289733708
comp30980_c1_seq1	DD_0	DD_0	4.57074689865456e-06	216362	29	0.0124631375787767	0.00585397037344904	NA	NA	NA	4.58361540840004	0.00538804268987669	comp45119_c0_seq1	0.119015602121473
comp30980_c1_seq1	EMT	EMT	0.000514109476262059	199076	29	0.00927975219654762	0.00605362855735853	NA	NA	NA	3.47332735664136	0.0258004351880634	comp45119_c0_seq1	0.235411800765328
comp32742_c0_seq1	Winter_cold_injury_p	Winter_cold_injury_p	3.47555356879157e-09	529238	76	0.0094660132498204	0.00437958377741369	NA	NA	NA	5.90741685580717	0.000621697233447294	comp22930_c1_seq1	0.0932545850170941
comp32742_c0_seq1	MCMT	MCMT	9.2708992149674e-12	552227	76	0.00961887048602071	0.00593320282215071	NA	NA	NA	6.81741032997696	0.000310848616723702	comp22930_c1_seq1	0.0153864495081842
comp32742_c0_seq1	TD	TD	1.5762880395743e-05	489079	76	0.00761550755561285	0.00594773628856611	NA	NA	NA	4.31776841832905	0.00818568024038957	comp22930_c1_seq1	0.0947229783864329
comp32742_c0_seq1	EMT	EMT	1.47665068185862e-12	558777	76	0.0100309965006566	0.00605362855735853	NA	NA	NA	7.07668464620699	0.000207232411149061	comp22930_c1_seq1	0.0105347793802018
comp32742_c0_seq1	LAT	LAT	3.15382148809596e-05	485146	76	0.00958840549679283	0.00731660036362739	NA	NA	NA	4.16208507699581	0.0135737229302663	comp22930_c1_seq1	0.201948007483096
comp32742_c0_seq1	DD_0	DD_0	4.59859458527154e-13	562819	76	0.0104967837714654	0.00585397037344904	NA	NA	NA	7.23668262883322	0.000207232411149061	comp22930_c1_seq1	0.0129696489491322
comp33194_c0_seq1	DD_0	DD_0	2.19068705899669e-07	212845	27	0.00957060027832751	0.00585397037344904	NA	NA	NA	5.18241635543922	0.00279763755051288	comp50742_c0_seq1	0.0700361043253276
comp33194_c0_seq1	EMT	EMT	5.91411271220322e-10	228021	27	0.0134518247214322	0.00605362855735853	NA	NA	NA	6.19273622967836	0.000621697233447294	comp50742_c0_seq1	0.0201118515440253
comp33194_c0_seq1	TD	TD	7.67610361373813e-08	215732	27	0.00981892325423317	0.00594773628856611	NA	NA	NA	5.37461413330746	0.00186509170034188	comp50742_c0_seq1	0.0369984870370144
comp33194_c0_seq1	MCMT	MCMT	5.16329253552163e-07	210408	27	0.00880367450109911	0.00593320282215071	NA	NA	NA	5.02017666556569	0.00373018340068387	comp50742_c0_seq1	0.0760271622757225
comp3411_c0_seq1	LAT	LAT	9.75686196773332e-05	312300.5	47	0.0156339400765682	0.00731660036362739	NA	NA	NA	3.8965852651407	0.0181328359755466	comp3786_c0_seq1	0.228228912566513
comp34594_c0_seq1	DD_0	DD_0	0.00220230588635525	37680.5	4	0.0402540793314363	0.00585397037344904	NA	NA	NA	3.06158712919054	0.037923531240286	comp62477_c0_seq1	0.356016863653752
comp34594_c0_seq1	EMT	EMT	0.00129148296020074	38583.5	4	0.0484222534520203	0.00605362855735853	NA	NA	NA	3.21795223072382	0.0331571857838566	comp62477_c0_seq1	0.274394253623918
comp34594_c0_seq1	MCMT	MCMT	0.00369743156600101	36764.5	4	0.0336678250207065	0.00593320282215071	NA	NA	NA	2.90297092431293	0.0457983628639519	comp62477_c0_seq1	0.337628899136985
comp3500_c1_seq1	LAT	LAT	0.000991717857365174	130368	18	0.0115307304100382	0.00731660036362739	NA	NA	NA	3.29290662111315	0.0362656719510932	comp1783_c1_seq1	0.339915401694807
comp35710_c0_seq1	DD_0	DD_0	2.15974094898868e-08	251577.5	32	0.0136267246857762	0.00585397037344904	NA	NA	NA	5.59872338811578	0.00145062687804376	comp26059_c1_seq1	0.045393771321973
comp35710_c0_seq1	LAT	LAT	4.48069200114198e-06	235041.5	32	0.0165905928875837	0.00731660036362739	NA	NA	NA	4.58777102595386	0.00891099367941151	comp26059_c1_seq1	0.177692510498213
comp35710_c0_seq1	TD	TD	2.49717782895957e-11	269158.5	32	0.0165465870120588	0.00594773628856611	NA	NA	NA	6.67356334210517	0.000725313439021824	comp26059_c1_seq1	0.0287766010287883
comp35710_c0_seq1	MCMT	MCMT	3.83021291106292e-11	268127.5	32	0.0184730240955	0.00593320282215071	NA	NA	NA	6.61053166059882	0.000310848616723702	comp26059_c1_seq1	0.0153864495081842
comp35710_c0_seq1	EMT	EMT	1.18330569483835e-10	265362.5	32	0.017836153442933	0.00605362855735853	NA	NA	NA	6.44148937217492	0.000518081027872763	comp26059_c1_seq1	0.0184358639153571
comp364_c0_seq1	Fall_cold_injury_p	Fall_cold_injury_p	1.59366465324684e-06	413537.5	61	0.0164863167202111	0.00704865948875669	NA	NA	NA	4.79913937835596	0.00300486996166205	comp172_c0_seq1	0.160605118640556
comp3686_c0_seq1	TD	TD	0.000686560497581019	106697	14	0.0281759199766311	0.00594773628856611	NA	NA	NA	3.3949367716671	0.0253859703657652	comp2270_c0_seq1	0.195840757001486
comp3746_c0_seq1	EMT	EMT	0.0010212447760671	407289	66	0.00610058622822747	0.00605362855735853	NA	NA	NA	3.2846288958684	0.0304631644389183	comp10499_c0_seq1	0.261613687941732
comp3750_c0_seq1	MCMT	MCMT	0.002879723928715	70823.5	9	0.00959628026976405	0.00593320282215071	NA	NA	NA	2.98035113207536	0.0426898766967153	comp4372_c0_seq1	0.32870015097479
comp38557_c0_seq1	TD	TD	0.000471328523354967	163466	23	0.00998065901666096	0.00594773628856611	NA	NA	NA	3.49657907302572	0.0233136462542741	comp39368_c0_seq1	0.190433389161109
comp3879_c0_seq1	DD_0	DD_0	2.0052514996863e-17	464003	56	0.0240916669400222	0.00585397037344904	NA	NA	NA	8.49351167895188	0	comp4276_c0_seq1	0.00957641145629657
comp3879_c0_seq1	Winter_cold_injury_p	Winter_cold_injury_p	0.000357976183343701	357325	56	0.00634015076382787	0.00437958377741369	NA	NA	NA	3.56929392768028	0.0172002901253756	comp4276_c0_seq1	0.41328736541668
comp3879_c0_seq1	Fall_cold_injury_p	Fall_cold_injury_p	4.64290625416224e-13	436747	56	0.016580766413922	0.00704865948875669	NA	NA	NA	7.23538461405885	0	comp4276_c0_seq1	0.0459043150056105
comp3879_c0_seq1	TD	TD	1.48999118064043e-20	481339	56	0.0246552982818964	0.00594773628856611	NA	NA	NA	9.29373514523401	0	comp4276_c0_seq1	0.00719415025719594
comp3879_c0_seq1	MCMT	MCMT	9.27998254050408e-20	477079	56	0.0260509449245396	0.00593320282215071	NA	NA	NA	9.09709509179828	0	comp4276_c0_seq1	0.00718034310381672
comp3879_c0_seq1	EMT	EMT	1.40347324745423e-19	476103	56	0.0254721214424565	0.00605362855735853	NA	NA	NA	9.05204328612849	0	comp4276_c0_seq1	0.00737434556614124
comp3887_c0_seq1	Winter_cold_injury_p	Winter_cold_injury_p	1.08534022677826e-05	268441.5	38	0.00919221624374585	0.00437958377741369	NA	NA	NA	4.39946115530273	0.0056988913066004	comp1418_c0_seq1	0.21759403170656
comp3887_c0_seq1	LAT	LAT	0.00224011855977919	244495.5	38	0.0111090683467887	0.00731660036362739	NA	NA	NA	3.05642848987844	0.0486996166200394	comp1418_c0_seq1	0.390063959659131
comp39565_c0_seq1	EMT	EMT	3.17868649255761e-05	128080	16	0.0114468592728734	0.00605362855735853	NA	NA	NA	4.16031537496467	0.0101543881463061	comp36494_c0_seq1	0.13897805105423
comp39565_c0_seq1	DD_0	DD_0	5.9404739881583e-05	126403	16	0.0124328593945026	0.00585397037344904	NA	NA	NA	4.01520620516817	0.0121230960522226	comp36494_c0_seq1	0.175090260813321
comp39565_c0_seq1	MCMT	MCMT	3.57495628375481e-05	127769	16	0.0114745370893122	0.00593320282215071	NA	NA	NA	4.13340484914075	0.0107760853797534	comp36494_c0_seq1	0.147749367713184
comp39565_c0_seq1	TD	TD	0.00160891492569953	116454	16	0.00636954736770218	0.00594773628856611	NA	NA	NA	3.15432896586859	0.0346078126619003	comp36494_c0_seq1	0.245320523770434
comp40559_c0_seq1	LAT	LAT	3.56101731739569e-12	197089	21	0.0271440260090119	0.00731660036362739	NA	NA	NA	6.95362928110456	0.000310848616723702	comp48320_c0_seq1	0.0195624782199897
comp40559_c0_seq1	Winter_cold_injury_p	Winter_cold_injury_p	1.04984864551412e-05	163359	21	0.00658218694207075	0.00437958377741369	NA	NA	NA	4.40668105002748	0.0056988913066004	comp48320_c0_seq1	0.21759403170656
comp40559_c0_seq1	Fall_cold_injury_p	Fall_cold_injury_p	7.30453178267226e-08	176296	21	0.0135737356648762	0.00704865948875669	NA	NA	NA	5.38355235940916	0.00145062687804376	comp48320_c0_seq1	0.126559793951776
comp40827_c0_seq1	DD_0	DD_0	0.000144220407829746	136595	18	0.0126284566116039	0.00585397037344904	NA	NA	NA	3.80085671845935	0.0158532794529065	comp45671_c0_seq1	0.205278236815618
comp40827_c0_seq1	EMT	EMT	1.91141465549839e-05	142408	18	0.020175982255202	0.00605362855735853	NA	NA	NA	4.27503592447725	0.0082892964459641	comp45671_c0_seq1	0.127514725414552
comp40827_c0_seq1	TD	TD	0.000229598148023994	135163	18	0.0159026634382367	0.00594773628856611	NA	NA	NA	3.68404532623199	0.0183400683866957	comp45671_c0_seq1	0.159170574440494
comp40827_c0_seq1	MCMT	MCMT	7.93006360402655e-05	138381	18	0.0141983450616599	0.00593320282215071	NA	NA	NA	3.94654466993844	0.0130556419023935	comp45671_c0_seq1	0.158191934005995
comp4139_c0_seq1	TD	TD	1.28130321249083e-06	306871.5	43	0.0101185583223679	0.00594773628856611	NA	NA	NA	4.84265857109537	0.00455911304528023	comp5419_c0_seq1	0.0711842235975327
comp4139_c0_seq1	DD_0	DD_0	0.00197905392222362	273685.5	43	0.00829089991528944	0.00585397037344904	NA	NA	NA	3.09338412428248	0.0356439747176458	comp5419_c0_seq1	0.356016863653752
comp4139_c0_seq1	MCMT	MCMT	1.38251641213562e-05	297461.5	43	0.00988794548520357	0.00593320282215071	NA	NA	NA	4.34664601928108	0.00766759921251681	comp5419_c0_seq1	0.126510807067273
comp4139_c0_seq1	LAT	LAT	7.94265012330238e-08	316846.5	43	0.0143800618689794	0.00731660036362739	NA	NA	NA	5.36845296050533	0.00331571857838564	comp5419_c0_seq1	0.110854043246593
comp4505_c0_seq1	LAT	LAT	0.000372085266054286	139830	19	0.0204857107551067	0.00731660036362739	NA	NA	NA	3.55916974209896	0.0267329810382344	comp3048_c0_seq1	0.273874695079815
comp4505_c0_seq1	Winter_cold_injury_p	Winter_cold_injury_p	0.000407660836187972	139527	19	0.0118288476104261	0.00437958377741369	NA	NA	NA	3.53511378778587	0.0183400683866957	comp3048_c0_seq1	0.41328736541668
comp4611_c0_seq1	TD	TD	7.59874194541627e-17	380007	44	0.0297266280573428	0.00594773628856611	NA	NA	NA	8.33735505665281	0.00010361620557453	comp4946_c1_seq1	0.00719415025719594
comp4611_c0_seq1	Winter_cold_injury_p	Winter_cold_injury_p	1.72089407015705e-12	355405	44	0.0119473049554519	0.00437958377741369	NA	NA	NA	7.05543858359993	0.00010361620557453	comp4946_c1_seq1	0.0233136462542693
comp4611_c0_seq1	EMT	EMT	1.65082971365831e-17	383437	44	0.0340335988084182	0.00605362855735853	NA	NA	NA	8.51607928649475	0	comp4946_c1_seq1	0.00737434556614124
comp4611_c0_seq1	LAT	LAT	9.43555333683023e-20	394553	44	0.0451734341700288	0.00731660036362739	NA	NA	NA	9.09529168851311	0	comp4946_c1_seq1	0.0114114456283232
comp4611_c0_seq1	DD_0	DD_0	6.06797645588416e-18	385648	44	0.0319728563126914	0.00585397037344904	NA	NA	NA	8.63128607138703	0	comp4946_c1_seq1	0.00957641145629657
comp4611_c0_seq1	MCMT	MCMT	1.02428589570013e-17	384495	44	0.0382046712892375	0.00593320282215071	NA	NA	NA	8.57120763494162	0	comp4946_c1_seq1	0.00718034310381672
comp468_c1_seq1	LAT	LAT	4.3436109644798e-05	140120.5	18	0.0207697530852261	0.00731660036362739	NA	NA	NA	4.0884395140582	0.0149207336027355	comp1216_c0_seq1	0.201948007483096
comp4715_c0_seq1	LAT	LAT	4.39763693435941e-05	190219	26	0.0139512666192315	0.00731660036362739	NA	NA	NA	4.0855636501738	0.01502434980831	comp2980_c0_seq1	0.201948007483096
comp4833_c0_seq1	EMT	EMT	0.000150515800044602	520705.5	84	0.0102379956230776	0.00605362855735853	NA	NA	NA	3.79023570775972	0.0170966739198011	comp9596_c0_seq1	0.18435863915357
comp506_c0_seq1	DD_0	DD_0	2.53398645823543e-08	225221	28	0.0189773867528668	0.00585397037344904	NA	NA	NA	5.57095201470592	0.00145062687804376	comp424_c0_seq1	0.045393771321973
comp506_c0_seq1	TD	TD	1.4317945448009e-11	243329	28	0.0246384836857145	0.00594773628856611	NA	NA	NA	6.75468371325786	0.000621697233447294	comp424_c0_seq1	0.0287766010287883
comp506_c0_seq1	Winter_cold_injury_p	Winter_cold_injury_p	0.000244162271966105	196116	28	0.00811554872348136	0.00437958377741369	NA	NA	NA	3.66833929732387	0.0149207336027355	comp424_c0_seq1	0.41328736541668
comp506_c0_seq1	EMT	EMT	1.78587507681821e-12	247851	28	0.0238295369999685	0.00605362855735853	NA	NA	NA	7.05028978465459	0.000207232411149061	comp424_c0_seq1	0.0105347793802018
comp506_c0_seq1	MCMT	MCMT	3.18760633418981e-09	230586	28	0.020110370619872	0.00593320282215071	NA	NA	NA	5.9216655425793	0.000932545850170996	comp424_c0_seq1	0.0269262866393192
comp51056_c0_seq1	LAT	LAT	1.09948066835369e-07	141361	16	0.0309661935215439	0.00731660036362739	NA	NA	NA	5.30950731537452	0.00352295098953481	comp74471_c0_seq1	0.110854043246593
comp51056_c0_seq1	Fall_cold_injury_p	Fall_cold_injury_p	0.00259727252647067	114807	16	0.0128991227684835	0.00704865948875669	NA	NA	NA	3.01181566673035	0.0378199150347114	comp74471_c0_seq1	0.63033191724519
comp5203_c0_seq1	Fall_cold_injury_p	Fall_cold_injury_p	2.49089611902124e-05	283086.5	41	0.0109373780823682	0.00704865948875669	NA	NA	NA	4.21564996675602	0.00725313439021869	comp3964_c1_seq1	0.271992539633201
comp52069_c0_seq1	DD_0	DD_0	3.40612286326283e-08	129659	14	0.0605890989755447	0.00585397037344904	NA	NA	NA	5.51921227514204	0.00165785928919282	comp16175_c0_seq1	0.0478879345814207
comp52069_c0_seq1	TD	TD	9.13755036203262e-09	132111	14	0.0579408217880931	0.00594773628856611	NA	NA	NA	5.74605329659142	0.00155424308361829	comp16175_c0_seq1	0.0369984870370144
comp52069_c0_seq1	MCMT	MCMT	7.38607558808502e-09	132499	14	0.056609685278573	0.00593320282215071	NA	NA	NA	5.78194820536889	0.00124339446689459	comp16175_c0_seq1	0.0331400450945448
comp52069_c0_seq1	EMT	EMT	4.68370123639668e-08	129051	14	0.0594932722906018	0.00605362855735853	NA	NA	NA	5.46296458303714	0.00176147549476735	comp16175_c0_seq1	0.0417879582081418
comp5588_c0_seq1	LAT	LAT	7.82402649841083e-06	498670	77	0.0143608483932955	0.00731660036362739	NA	NA	NA	4.46996315579276	0.00973992332400786	comp5433_c1_seq1	0.177692510498213
comp5680_c0_seq1	DD_0	DD_0	0.000478458721758917	157344	22	0.0105263608077657	0.00585397037344904	NA	NA	NA	3.49257197839132	0.0215521707595068	comp6348_c0_seq1	0.25290815450813
comp5680_c0_seq1	TD	TD	0.000992331622589239	154635	22	0.0143641254099993	0.00594773628856611	NA	NA	NA	3.29272875666392	0.0288053051497255	comp6348_c0_seq1	0.210523554894832
comp5680_c0_seq1	EMT	EMT	2.98298987819552e-05	166592	22	0.0133017356664427	0.00605362855735853	NA	NA	NA	4.17479793429202	0.00973992332400786	comp6348_c0_seq1	0.138637696643484
comp5680_c0_seq1	MCMT	MCMT	0.0034134219818174	149689	22	0.0104375838407589	0.00593320282215071	NA	NA	NA	2.92786180403796	0.0447622008082064	comp6348_c0_seq1	0.337163937048856
comp578_c2_seq1	Winter_cold_injury_p	Winter_cold_injury_p	0.000545070772070911	119959	16	0.0115099639998048	0.00437958377741369	NA	NA	NA	3.45761318777482	0.0202051600870377	comp10184_c0_seq1	0.41328736541668
comp59439_c1_seq1	LAT	LAT	8.79480240312717e-06	269251.5	38	0.0167233559344359	0.00731660036362739	NA	NA	NA	4.44489072429102	0.0101543881463061	comp22375_c0_seq1	0.177692510498213
comp6167_c0_seq1	Winter_cold_injury_p	Winter_cold_injury_p	1.11710506041557e-06	282967.5	39	0.0102191907988713	0.00437958377741369	NA	NA	NA	4.86982901334487	0.00259040513936382	comp6150_c0_seq1	0.166526044673388
comp6167_c0_seq1	Fall_cold_injury_p	Fall_cold_injury_p	6.58545515563921e-09	299791.5	39	0.0148938326385242	0.00704865948875669	NA	NA	NA	5.80119574902013	0.000932545850170996	comp6150_c0_seq1	0.126559793951776
comp6167_c0_seq1	MCMT	MCMT	2.26873569078559e-05	271530.5	39	0.0162528863161785	0.00593320282215071	NA	NA	NA	4.23668342633119	0.00932545850170963	comp6150_c0_seq1	0.142110957263069
comp6167_c0_seq1	DD_0	DD_0	0.00456418287398479	246234.5	39	0.0134167022305898	0.00585397037344904	NA	NA	NA	2.83631175814042	0.0495285462646358	comp6150_c0_seq1	0.387468262355403
comp6167_c0_seq1	EMT	EMT	0.000110950547271577	264822.5	39	0.0152091089449279	0.00605362855735853	NA	NA	NA	3.86533249534512	0.0153351984250337	comp6150_c0_seq1	0.17603276512728
comp6225_c0_seq1	LAT	LAT	0.00118769899264357	165904	24	0.0115616889329219	0.00731660036362739	NA	NA	NA	3.24185318141882	0.0392705419127551	comp4243_c0_seq1	0.345995031450833
comp6270_c0_seq1	MCMT	MCMT	0.000803289900827346	208957	31	0.01482880523497	0.00593320282215071	NA	NA	NA	3.35168973529001	0.0280799917107035	comp8376_c0_seq1	0.249470895017274
comp6270_c0_seq1	TD	TD	1.22481300007668e-05	225401	31	0.0152267001794226	0.00594773628856611	NA	NA	NA	4.37315471679582	0.00787483162366598	comp8376_c0_seq1	0.0947229783864329
comp6270_c0_seq1	DD_0	DD_0	0.00203051470694107	204676	31	0.0145835152490989	0.00585397037344904	NA	NA	NA	3.08576346517164	0.0362656719510932	comp8376_c0_seq1	0.356016863653752
comp6270_c0_seq1	EMT	EMT	1.42997557909873e-05	224855	31	0.0175074962944722	0.00605362855735853	NA	NA	NA	4.3392384020365	0.00777121541809134	comp8376_c0_seq1	0.127514725414552
comp63783_c0_seq1	TD	TD	0.000288788744636017	109186	14	0.0128757271176673	0.00594773628856611	NA	NA	NA	3.62520076122154	0.0194798466480157	comp58594_c0_seq1	0.163939424042802
comp63783_c0_seq1	EMT	EMT	0.000106045427975369	111901	14	0.0149534997556156	0.00605362855735853	NA	NA	NA	3.87637261001235	0.0152315822194591	comp58594_c0_seq1	0.17603276512728
comp6383_c0_seq1	Fall_cold_injury_p	Fall_cold_injury_p	0.000633521156105787	113232.5	15	0.0121747735919004	0.00704865948875669	NA	NA	NA	3.41688634144705	0.0225883328152523	comp6088_c0_seq1	0.504422528047024
comp6566_c2_seq1	EMT	EMT	0.00342405724280359	70360.5	9	0.0173384485228347	0.00605362855735853	NA	NA	NA	2.92691520843407	0.0456947466583774	comp8314_c0_seq1	0.31614092565964
comp7043_c0_seq1	EMT	EMT	0.00232452800316305	127333	18	0.0259979662168959	0.00605362855735853	NA	NA	NA	3.04533499024022	0.0395813905294788	comp7966_c0_seq1	0.30619565285506
comp7043_c0_seq1	TD	TD	4.36482998515769e-06	146309	18	0.0171967445356311	0.00594773628856611	NA	NA	NA	4.59324908165527	0.0056988913066004	comp7966_c0_seq1	0.0791356528291727
comp7043_c0_seq1	MCMT	MCMT	0.000432537363885863	133145	18	0.0201057803985429	0.00593320282215071	NA	NA	NA	3.51943262405684	0.021966635581805	comp7966_c0_seq1	0.211421213612426
comp7043_c0_seq1	DD_0	DD_0	4.05746290710779e-05	140314	18	0.0231958799347396	0.00585397037344904	NA	NA	NA	4.10422373500512	0.0103616205574552	comp7966_c0_seq1	0.166984230220112
comp7094_c0_seq1	TD	TD	0.000205045349060451	135515	18	0.0131017488673747	0.00594773628856611	NA	NA	NA	3.71275874108117	0.0176147549476738	comp7010_c0_seq1	0.157807166932073
comp71758_c0_seq1	EMT	EMT	0.00180924333177945	84889	11	0.0109894963752127	0.00605362855735853	NA	NA	NA	3.119932836865	0.0371982178012641	comp58362_c0_seq1	0.29415445091614
comp7370_c0_seq1	LAT	LAT	1.46017928124897e-07	213973.5	27	0.0192973021184386	0.00731660036362739	NA	NA	NA	5.25754458277705	0.0038337996062584	comp8660_c0_seq1	0.112592930199479
comp7776_c0_seq1	LAT	LAT	0.000365683998521802	133688	18	0.0268770978990041	0.00731660036362739	NA	NA	NA	3.56372632934976	0.0267329810382344	comp11973_c0_seq1	0.273874695079815
comp7786_c0_seq1	TD	TD	2.37394912974643e-23	516422	59	0.0300278502421992	0.00594773628856611	NA	NA	NA	9.95603457327774	0	comp4752_c0_seq1	0.00719415025719594
comp7786_c0_seq1	EMT	EMT	1.37406877880399e-24	522639	59	0.0394137855873424	0.00605362855735853	NA	NA	NA	10.235576203929	0	comp4752_c0_seq1	0.00737434556614124
comp7786_c0_seq1	MCMT	MCMT	7.21806468186377e-26	528897	59	0.0366663172595486	0.00593320282215071	NA	NA	NA	10.5169613614995	0	comp4752_c0_seq1	0.00718034310381672
comp7786_c0_seq1	DD_0	DD_0	1.28822775604038e-27	537191	59	0.0433783684768358	0.00585397037344904	NA	NA	NA	10.8898933680335	0	comp4752_c0_seq1	0.00957641145629657
comp8035_c0_seq1	LAT	LAT	4.37414658882208e-07	495923	74	0.0129834588263007	0.00731660036362739	NA	NA	NA	5.05192968890612	0.0044554968397057	comp6052_c0_seq1	0.1226730405045
comp8035_c0_seq1	EMT	EMT	6.69253937255345e-06	482247	74	0.00935783883395465	0.00605362855735853	NA	NA	NA	4.50325954583869	0.00590612371774946	comp6052_c0_seq1	0.110615183492142
comp8035_c0_seq1	Winter_cold_injury_p	Winter_cold_injury_p	0.00299707002671166	443981	74	0.0108933938655047	0.00437958377741369	NA	NA	NA	2.96805833973908	0.0380271474458606	comp6052_c0_seq1	0.512900217594031
comp8035_c0_seq1	DD_0	DD_0	4.43677154397753e-05	471784	74	0.00960097772734088	0.00585397037344904	NA	NA	NA	4.08349238388238	0.0106724691741789	comp6052_c0_seq1	0.166984230220112
comp8035_c0_seq1	MCMT	MCMT	2.50686558874762e-05	475042	74	0.00864055877438517	0.00593320282215071	NA	NA	NA	4.21420072887461	0.00963630711843333	comp6052_c0_seq1	0.142110957263069
comp8237_c0_seq1	Winter_cold_injury_p	Winter_cold_injury_p	1.42229339767653e-07	314834	43	0.0109778359831647	0.00437958377741369	NA	NA	NA	5.26237163632613	0.00176147549476735	comp6497_c0_seq1	0.166526044673388
comp8237_c0_seq1	LAT	LAT	2.10917592482807e-15	365533	43	0.0471093633449819	0.00731660036362739	NA	NA	NA	7.93477762617025	0.00010361620557453	comp6497_c0_seq1	0.0114114456283232
comp8448_c0_seq1	Winter_cold_injury_p	Winter_cold_injury_p	0.00172104435803053	97649	13	0.00960237640565825	0.00437958377741369	NA	NA	NA	3.13462098890217	0.0308776292612164	comp33689_c0_seq1	0.496247613126692
comp8448_c0_seq1	Fall_cold_injury_p	Fall_cold_injury_p	0.00111578242467012	98951	13	0.0284164233077133	0.00704865948875669	NA	NA	NA	3.25962563001064	0.0277691430939799	comp33689_c0_seq1	0.520671433012123
comp851_c0_seq1	LAT	LAT	0.000514297972250432	126377	17	0.0181405954752433	0.00731660036362739	NA	NA	NA	3.47323883265738	0.0290125375608745	comp1232_c0_seq1	0.284018202304993
comp8564_c0_seq1	Fall_cold_injury_p	Fall_cold_injury_p	0.000125984395205814	137004	18	0.0173515263188488	0.00704865948875669	NA	NA	NA	3.83421974878127	0.0130556419023935	comp6910_c0_seq1	0.451926065852083
comp857_c0_seq1	EMT	EMT	0.00181528210219383	199391	30	0.00829606350159363	0.00605362855735853	NA	NA	NA	3.11893051678577	0.0371982178012641	comp775_c1_seq1	0.29415445091614
comp8622_c1_seq1	LAT	LAT	3.40977004000456e-13	450458.5	58	0.0231588834889169	0.00731660036362739	NA	NA	NA	7.27716044390324	0.000207232411149061	comp7656_c0_seq1	0.0182583130053172
comp8622_c1_seq1	Winter_cold_injury_p	Winter_cold_injury_p	0.000324918839891007	369259.5	58	0.00729815915067416	0.00437958377741369	NA	NA	NA	3.59459983860966	0.0166822090975028	comp7656_c0_seq1	0.41328736541668
comp8622_c1_seq1	MCMT	MCMT	0.000114411338609311	375063.5	58	0.00894110187150432	0.00593320282215071	NA	NA	NA	3.85782453045468	0.0146098849860118	comp7656_c0_seq1	0.158191934005995
comp8789_c0_seq1	LAT	LAT	0.00176405710678764	109993	15	0.0106819673169811	0.00731660036362739	NA	NA	NA	3.12736817488411	0.0456947466583774	comp8079_c0_seq1	0.379807360157857
comp9163_c0_seq1	DD_0	DD_0	0.00031701002671992	102507	13	0.0115759078377559	0.00585397037344904	NA	NA	NA	3.60103615518863	0.0192726142368667	comp7084_c0_seq1	0.233453681084428
comp9163_c0_seq1	Winter_cold_injury_p	Winter_cold_injury_p	0.0026294528667154	96331	13	0.00601863800377522	0.00437958377741369	NA	NA	NA	3.00808019244981	0.0366801367733913	comp7084_c0_seq1	0.512900217594031
comp9163_c0_seq1	EMT	EMT	0.00096091926768427	99390	13	0.0108304091924587	0.00605362855735853	NA	NA	NA	3.30177389225843	0.0299450834110455	comp7084_c0_seq1	0.261613687941732
comp9163_c0_seq1	MCMT	MCMT	0.00184672803374936	97433	13	0.00949207699862737	0.00593320282215071	NA	NA	NA	3.11388289175975	0.0365765205678168	comp7084_c0_seq1	0.31683263945598
comp9470_c0_seq1	Winter_cold_injury_p	Winter_cold_injury_p	0.000260000099551522	183832	26	0.0145069447995189	0.00437958377741369	NA	NA	NA	3.65223704173361	0.0151279660138846	comp11603_c0_seq1	0.41328736541668
comp9470_c0_seq1	Fall_cold_injury_p	Fall_cold_injury_p	0.000366943590867091	182514	26	0.0264234458303172	0.00704865948875669	NA	NA	NA	3.56281720927327	0.0187545332089939	comp11603_c0_seq1	0.50308394548697
comp982_c0_seq1	LAT	LAT	0.000513237364448746	120146	16	0.0200699164556672	0.00731660036362739	NA	NA	NA	3.47379411487795	0.0290125375608745	comp1157_c1_seq1	0.284018202304993
comp996_c0_seq1	TD	TD	0.000112260501948786	124638	16	0.0125630713999334	0.00594773628856611	NA	NA	NA	3.86248248144078	0.01502434980831	comp595_c0_seq1	0.143883005143949
