tcontig	focal	ortho	pvalue	mannUstat	numsamp	mean_test_r2	mean_background_r2	q95	q99	pred_quantile	pred_p	emp_p	pine	qvalue
comp14426_c0_seq1	DD_0	DD_0	1.96958489569459e-09	316144	41	0.111562023394772	0.038735717164252	NA	NA	NA	6.00032271782102	0.00485052464858449	comp14068_c0_seq1	0.0482268101422376
comp14426_c0_seq1	LAT	LAT	1.45646352118441e-06	294228	41	0.122950947187098	0.0484469357724453	NA	NA	NA	4.81714528418749	0.0193031082953871	comp14068_c0_seq1	0.127789280607482
comp14426_c0_seq1	Fall_cold_injury_p	Fall_cold_injury_p	1.41768071882185e-07	302486	41	0.0803988029135059	0.0318394894973068	NA	NA	NA	5.26296930531113	0.0115818649772322	comp14068_c0_seq1	0.0919529886071163
comp14426_c0_seq1	EMT	EMT	4.04256365989771e-09	313961	41	0.130383031442266	0.0466580221796518	NA	NA	NA	5.88246926200691	0.00801821421500692	comp14068_c0_seq1	0.0653505633860553
comp14426_c0_seq1	TD	TD	4.18512875280402e-10	320713	41	0.148368505827982	0.051163937279153	NA	NA	NA	6.24698897508839	0.00603840823599289	comp14068_c0_seq1	0.0565783771061693
comp14426_c0_seq1	MCMT	MCMT	8.42709325846821e-10	318670	41	0.142663973658328	0.0479188075050934	NA	NA	NA	6.13669368868059	0.00593941793704222	comp14068_c0_seq1	0.061705303456876
comp14426_c0_seq1	Winter_cold_injury_p	Winter_cold_injury_p	4.92030165737327e-07	298160	41	0.0776965324524061	0.0323386188870638	NA	NA	NA	5.02942187065614	0.0130667194614927	comp14068_c0_seq1	0.0875505129002177
comp17000_c2_seq1	TD	TD	9.99555844443627e-08	195427	24	0.111800079614201	0.051163937279153	NA	NA	NA	5.3268399249494	0.0141556127499505	comp3089_c1_seq1	0.0905259457167004
comp17000_c2_seq1	LAT	LAT	5.5277423326283e-07	190899	24	0.0980850576494285	0.0484469357724453	NA	NA	NA	5.00706144800917	0.0157394575331617	comp3089_c1_seq1	0.123989599337463
comp17000_c2_seq1	MCMT	MCMT	4.93979529690301e-07	191205	24	0.0980442103290794	0.0479188075050934	NA	NA	NA	5.02867191928649	0.0174222926153237	comp3089_c1_seq1	0.096815142788152
comp17000_c2_seq1	EMT	EMT	2.38128792857624e-06	186807	24	0.0859588625281347	0.0466580221796518	NA	NA	NA	4.71807436151636	0.0223718075628588	comp3089_c1_seq1	0.111690355665141
comp17000_c2_seq1	Winter_cold_injury_p	Winter_cold_injury_p	1.18935640778494e-08	200729	24	0.078800908240835	0.0323386188870638	NA	NA	NA	5.70128018217933	0.00712730152445062	comp3089_c1_seq1	0.06830647668134
comp17000_c2_seq1	DD_0	DD_0	1.15645369199673e-06	188859	24	0.0747078210380815	0.038735717164252	NA	NA	NA	4.86299163949369	0.0172243120174222	comp3089_c1_seq1	0.0949772893617545
comp17000_c2_seq1	Fall_cold_injury_p	Fall_cold_injury_p	3.06875765758072e-07	192487	24	0.068499123733282	0.0318394894973068	NA	NA	NA	5.11920990679474	0.0130667194614927	comp3089_c1_seq1	0.0964448734518921
comp20662_c0_seq1	MCMT	MCMT	3.06814788609545e-10	635118	92	0.0957356351371008	0.0479188075050934	NA	NA	NA	6.29531348405684	0.00524648584438725	comp13948_c0_seq1	0.0585214110897239
comp20662_c0_seq1	LAT	LAT	5.05865760929829e-08	611583	92	0.0864190182620144	0.0484469357724453	NA	NA	NA	5.44925423916324	0.0111859037814295	comp13948_c0_seq1	0.103628258413674
comp20662_c0_seq1	Fall_cold_injury_p	Fall_cold_injury_p	0.000146615230051882	565615	92	0.0455552391284343	0.0318394894973068	NA	NA	NA	3.79675152536383	0.0424668382498515	comp13948_c0_seq1	0.18865174242065
comp20662_c0_seq1	TD	TD	3.83695863826605e-12	653137	92	0.107430710791761	0.051163937279153	NA	NA	NA	6.94307815513132	0.00267273807166901	comp13948_c0_seq1	0.0420705119707563
comp20662_c0_seq1	DD_0	DD_0	3.92786889194333e-09	623766	92	0.0741421206657704	0.038735717164252	NA	NA	NA	5.88722066281052	0.00574143733914079	comp13948_c0_seq1	0.052354815736498
comp20662_c0_seq1	Winter_cold_injury_p	Winter_cold_injury_p	1.25493397389175e-05	581501	92	0.050133725422245	0.0323386188870638	NA	NA	NA	4.36783702204451	0.0238566620471193	comp13948_c0_seq1	0.122557754045985
comp20662_c0_seq1	EMT	EMT	4.387624958555e-10	633568	92	0.0908112776486208	0.0466580221796518	NA	NA	NA	6.23959256501775	0.00494951494753515	comp13948_c0_seq1	0.0536425546575798
comp7641_c0_seq1	LAT	LAT	1.2208373117385e-06	331259	47	0.0911453634534278	0.0484469357724453	NA	NA	NA	4.85225064569025	0.0182142150069293	comp842_c1_seq1	0.127789280607482
comp7641_c0_seq1	MCMT	MCMT	3.78118250914296e-08	344125	47	0.100373561431687	0.0479188075050934	NA	NA	NA	5.50080357899987	0.0107899425856266	comp842_c1_seq1	0.0749845772863929
comp7641_c0_seq1	EMT	EMT	1.346312625458e-08	347682	47	0.10660842069146	0.0466580221796518	NA	NA	NA	5.68010583174216	0.0096020589982182	comp842_c1_seq1	0.0715457572745471
comp7641_c0_seq1	TD	TD	1.73189604384718e-09	354448	47	0.115381295283817	0.051163937279153	NA	NA	NA	6.02116825571021	0.00742427242130272	comp842_c1_seq1	0.0595041980727821
comp7641_c0_seq1	Fall_cold_injury_p	Fall_cold_injury_p	3.06509455707434e-08	344857	47	0.0692941753645692	0.0318394894973068	NA	NA	NA	5.53770244012086	0.00821619481290836	comp842_c1_seq1	0.071754768032733
comp7641_c0_seq1	Winter_cold_injury_p	Winter_cold_injury_p	0.000363647010113331	305726	47	0.0586103692288425	0.0323386188870638	NA	NA	NA	3.56517602683477	0.0496931300732528	comp842_c1_seq1	0.205161088243203
comp7641_c0_seq1	DD_0	DD_0	2.11594550319607e-07	337937	47	0.0778495239182646	0.038735717164252	NA	NA	NA	5.18887714099894	0.0124727776677885	comp842_c1_seq1	0.0768488674603762
comp8316_c0_seq1	MCMT	MCMT	6.46844370871879e-05	93273	11	0.184395344709459	0.0479188075050934	NA	NA	NA	3.99508814163519	0.0396951098792319	comp9644_c0_seq1	0.14592513173917
comp8316_c0_seq1	MCMT	MCMT	6.46844370871879e-05	93273	11	0.184395344709459	0.0479188075050934	NA	NA	NA	3.99508814163519	0.0396951098792319	comp8130_c0_seq1	0.14592513173917
comp8316_c0_seq1	LAT	LAT	5.69514631932077e-05	93561	11	0.190826078169333	0.0484469357724453	NA	NA	NA	4.02515072844028	0.0392001583844783	comp9644_c0_seq1	0.158469465671574
comp8316_c0_seq1	LAT	LAT	5.69514631932077e-05	93561	11	0.190826078169333	0.0484469357724453	NA	NA	NA	4.02515072844028	0.0392001583844783	comp8130_c0_seq1	0.158469465671574
comp8316_c0_seq1	DD_0	DD_0	0.000170293224358109	91016	11	0.14100589388462	0.038735717164252	NA	NA	NA	3.75949349434675	0.0455355375173233	comp9644_c0_seq1	0.15840162370848
comp8316_c0_seq1	DD_0	DD_0	0.000170293224358109	91016	11	0.14100589388462	0.038735717164252	NA	NA	NA	3.75949349434675	0.0455355375173233	comp8130_c0_seq1	0.15840162370848
comp8316_c0_seq1	TD	TD	1.17151590097272e-05	96988	11	0.202298262190086	0.051163937279153	NA	NA	NA	4.38287463462437	0.0317758859631756	comp9644_c0_seq1	0.132916123031911
comp8316_c0_seq1	TD	TD	1.17151590097272e-05	96988	11	0.202298262190086	0.051163937279153	NA	NA	NA	4.38287463462437	0.0317758859631756	comp8130_c0_seq1	0.132916123031911
comp1343_c0_seq1	TD	TD	3.73211794466287e-06	338708	49	0.0812774355003939	0.051163937279153	NA	NA	NA	4.62579328139303	0.0260344486240348	comp1594_c0_seq1	0.120405424531689
comp14791_c0_seq1	MCMT	MCMT	2.17358695975952e-09	251338	31	0.151006289473211	0.0479188075050934	NA	NA	NA	5.98430390344846	0.00772124331815482	comp9808_c0_seq1	0.0657395692214805
comp14791_c0_seq1	Fall_cold_injury_p	Fall_cold_injury_p	8.08510344118477e-07	234419	31	0.0883530916105345	0.0318394894973068	NA	NA	NA	4.9333329704579	0.015343496337359	comp9808_c0_seq1	0.103076821548412
comp14791_c0_seq1	LAT	LAT	1.25553506064597e-08	246633	31	0.149095670455285	0.0484469357724453	NA	NA	NA	5.69203968926792	0.0093050881013661	comp9808_c0_seq1	0.0970353386119275
comp14791_c0_seq1	TD	TD	7.827008679322e-11	259703	31	0.170429837177183	0.051163937279153	NA	NA	NA	6.50391923854309	0.00485052464858449	comp9808_c0_seq1	0.0495981788283999
comp14791_c0_seq1	DD_0	DD_0	1.98711802557289e-08	245363	31	0.115457921571086	0.038735717164252	NA	NA	NA	5.61315009266659	0.00811720451395759	comp9808_c0_seq1	0.059791402370224
comp14791_c0_seq1	EMT	EMT	5.16091367632252e-09	249046	31	0.143636136458146	0.0466580221796518	NA	NA	NA	5.84192992281046	0.00821619481290836	comp9808_c0_seq1	0.0653505633860553
comp14791_c0_seq1	Winter_cold_injury_p	Winter_cold_injury_p	7.5296804951602e-10	254079	31	0.103244753754683	0.0323386188870638	NA	NA	NA	6.15456877296363	0.00445456345278161	comp9808_c0_seq1	0.0555759821251801
comp17701_c0_seq1	MCMT	MCMT	1.38915925262578e-06	168920	21	0.122745993734	0.0479188075050934	NA	NA	NA	4.82659148919201	0.0208869530785983	comp9808_c0_seq1	0.103977721415353
comp17701_c0_seq1	TD	TD	2.30187374281219e-07	173510	21	0.13966462204959	0.051163937279153	NA	NA	NA	5.17318183549038	0.0161354187289645	comp9808_c0_seq1	0.0982993693162863
comp17701_c0_seq1	EMT	EMT	1.03906416220908e-06	169682	21	0.119389588684576	0.0466580221796518	NA	NA	NA	4.8841300172703	0.0191051276974856	comp9808_c0_seq1	0.0990288204678621
comp17701_c0_seq1	Winter_cold_injury_p	Winter_cold_injury_p	7.00361575513346e-07	170704	21	0.0834578247144555	0.0323386188870638	NA	NA	NA	4.96130111398423	0.0137596515541477	comp9808_c0_seq1	0.087927529443578
comp17701_c0_seq1	LAT	LAT	7.67704213227896e-06	164251	21	0.123089064136888	0.0484469357724453	NA	NA	NA	4.47403586242359	0.0268263710156404	comp9808_c0_seq1	0.146220292692042
comp17701_c0_seq1	DD_0	DD_0	3.97886661772326e-06	166085	21	0.0937693811066501	0.038735717164252	NA	NA	NA	4.6125209811842	0.0217778657691546	comp9808_c0_seq1	0.0973466824039005
comp17701_c0_seq1	Fall_cold_injury_p	Fall_cold_injury_p	4.55973199524299e-05	158995	21	0.0700754490104571	0.0318394894973068	NA	NA	NA	4.07715593646625	0.0334587210453375	comp9808_c0_seq1	0.159385180252335
comp3061_c0_seq1	Fall_cold_injury_p	Fall_cold_injury_p	4.49105836271889e-06	265703	37	0.0532153885809516	0.0318394894973068	NA	NA	NA	4.58728628428959	0.0210849336764997	comp4054_c0_seq1	0.120092448331368
comp3061_c0_seq1	LAT	LAT	0.000110843551682959	253006	37	0.0720423425252217	0.0484469357724453	NA	NA	NA	3.86556870313865	0.044644624826767	comp4054_c0_seq1	0.17270682424901
comp3061_c0_seq1	DD_0	DD_0	1.82200392199473e-05	260397	37	0.0664783400608247	0.038735717164252	NA	NA	NA	4.28568484413941	0.0292021381904574	comp4054_c0_seq1	0.109134190519127
comp3061_c0_seq1	Winter_cold_injury_p	Winter_cold_injury_p	2.02224013737552e-06	268587	37	0.0532486243574576	0.0323386188870638	NA	NA	NA	4.75121741007043	0.0167293605226688	comp4054_c0_seq1	0.0996157376577097
comp3061_c0_seq1	TD	TD	8.27278621469909e-06	263429	37	0.0892620125510583	0.051163937279153	NA	NA	NA	4.45802852422523	0.029994060582063	comp4054_c0_seq1	0.13256455508173
comp3061_c0_seq1	MCMT	MCMT	1.44712505139164e-05	261293	37	0.0819762604375714	0.0479188075050934	NA	NA	NA	4.33661490263442	0.0321718471589785	comp4054_c0_seq1	0.134867585771972
comp3061_c0_seq1	EMT	EMT	7.2468229289927e-06	263927	37	0.0832445323636304	0.0466580221796518	NA	NA	NA	4.48633563262983	0.0280142546030488	comp4054_c0_seq1	0.128453286653111
comp6476_c0_seq1	MCMT	MCMT	1.21315517174242e-05	130564	16	0.109665482166627	0.0479188075050934	NA	NA	NA	4.37525346546825	0.0310829538705207	comp5702_c1_seq1	0.134867585771972
comp6476_c0_seq1	TD	TD	1.09705775984974e-05	130817	16	0.127364927447621	0.051163937279153	NA	NA	NA	4.39714530801954	0.0315779053652742	comp5702_c1_seq1	0.132916123031911
comp6476_c0_seq1	EMT	EMT	5.29882968128145e-06	132614	16	0.113403653022053	0.0466580221796518	NA	NA	NA	4.55263796044907	0.0263314195208869	comp5702_c1_seq1	0.125566491942462
comp6476_c0_seq1	DD_0	DD_0	1.50848188064211e-05	130012	16	0.0856871248204162	0.038735717164252	NA	NA	NA	4.32748944535634	0.0286081963967532	comp5702_c1_seq1	0.109134190519127
comp10574_c0_seq1	LAT	LAT	3.32439272827649e-06	297175	42	0.126196825761445	0.0484469357724453	NA	NA	NA	4.6497135921272	0.00797844782924051	comp10479_c0_seq1	0.0970353386119275
comp10574_c0_seq1	EMT	EMT	1.77737624446654e-06	299566	42	0.114578632759727	0.0466580221796518	NA	NA	NA	4.7772440217088	0.00373018340068387	comp10479_c0_seq1	0.0423526299296386
comp10574_c0_seq1	Fall_cold_injury_p	Fall_cold_injury_p	7.58768718840503e-06	293928	42	0.0658164925139698	0.0318394894973068	NA	NA	NA	4.47652609532608	0.00497357786757846	comp10479_c0_seq1	0.0521230960522223
comp10574_c0_seq1	Winter_cold_injury_p	Winter_cold_injury_p	1.45164099519147e-05	291292	42	0.0676796645060697	0.0323386188870638	NA	NA	NA	4.33592793038376	0.00600973992332399	comp10479_c0_seq1	0.06830647668134
comp10574_c0_seq1	TD	TD	2.09330588797663e-06	298947	42	0.127217255855626	0.051163937279153	NA	NA	NA	4.74422798828721	0.00486996166200393	comp10479_c0_seq1	0.0495981788283999
comp10574_c0_seq1	DD_0	DD_0	1.93586229760131e-05	290097	42	0.0855708541564097	0.038735717164252	NA	NA	NA	4.27218938444063	0.00797844782924051	comp10479_c0_seq1	0.059791402370224
comp10574_c0_seq1	MCMT	MCMT	7.98576473975396e-06	293723	42	0.109728646624131	0.0479188075050934	NA	NA	NA	4.46559186777935	0.00663143715677128	comp10479_c0_seq1	0.0633831898571776
comp11472_c0_seq1	EMT	EMT	6.28567202171259e-06	138806.5	17	0.108712503095452	0.0466580221796518	NA	NA	NA	4.51658711964085	0.00580250751217493	comp19663_c0_seq1	0.0601530106247043
comp11472_c0_seq1	Fall_cold_injury_p	Fall_cold_injury_p	1.89520041190058e-05	135951.5	17	0.0706169817368353	0.0318394894973068	NA	NA	NA	4.27693473142428	0.00683866956792045	comp19663_c0_seq1	0.0639904080998271
comp11472_c0_seq1	DD_0	DD_0	3.64570015094302e-06	140165.5	17	0.0917388501579907	0.038735717164252	NA	NA	NA	4.63066333525777	0.00507719407315299	comp19663_c0_seq1	0.0482268101422376
comp11472_c0_seq1	LAT	LAT	1.04892570695986e-05	137499.5	17	0.117083704781542	0.0484469357724453	NA	NA	NA	4.40687585119985	0.0110869339964771	comp19663_c0_seq1	0.103628258413674
comp11472_c0_seq1	MCMT	MCMT	2.28631526722742e-06	141305.5	17	0.118427313127505	0.0479188075050934	NA	NA	NA	4.72635640796071	0.00538804268987669	comp19663_c0_seq1	0.0585214110897239
comp11472_c0_seq1	TD	TD	1.61335320486778e-06	142143.5	17	0.12975090359444	0.051163937279153	NA	NA	NA	4.79669921052655	0.0047663454564294	comp19663_c0_seq1	0.0495981788283999
comp11472_c0_seq1	Winter_cold_injury_p	Winter_cold_injury_p	6.17080832320194e-05	132726.5	17	0.0660981468512961	0.0323386188870638	NA	NA	NA	4.00622406522518	0.00932545850170963	comp19663_c0_seq1	0.0763521914827476
comp11688_c3_seq1	DD_0	DD_0	4.48879332276484e-07	329046.5	46	0.0783964049493746	0.038735717164252	NA	NA	NA	5.04699226994708	0.00290125375608741	comp45053_c0_seq1	0.0389056619634856
comp11688_c3_seq1	MCMT	MCMT	2.04757091840556e-06	323192.5	46	0.0989616589599092	0.0479188075050934	NA	NA	NA	4.74869709799986	0.00538804268987669	comp45053_c0_seq1	0.0585214110897239
comp11688_c3_seq1	EMT	EMT	4.36482143873386e-07	329151.5	46	0.0942524678235574	0.0466580221796518	NA	NA	NA	5.0523426274897	0.00279763755051288	comp45053_c0_seq1	0.0351081011258843
comp11688_c3_seq1	Winter_cold_injury_p	Winter_cold_injury_p	1.03977806652368e-07	334397.5	46	0.0768593538939263	0.0323386188870638	NA	NA	NA	5.31965668147588	0.00176147549476735	comp45053_c0_seq1	0.0419551436026405
comp11688_c3_seq1	LAT	LAT	2.96706488932896e-05	311953.5	46	0.0923395422673883	0.0484469357724453	NA	NA	NA	4.17600501779576	0.0133664905191172	comp45053_c0_seq1	0.114657048849697
comp11688_c3_seq1	TD	TD	1.47996428067738e-05	315008.5	46	0.0963093716086429	0.051163937279153	NA	NA	NA	4.33167494439275	0.00787483162366598	comp45053_c0_seq1	0.0595041980727821
comp1174_c0_seq1	TD	TD	0.00204859687485604	193001	29	0.0814021926205855	0.051163937279153	NA	NA	NA	3.08312719961058	0.0374054502124133	comp835_c0_seq1	0.139079256606621
comp1174_c0_seq1	Fall_cold_injury_p	Fall_cold_injury_p	1.62650464688612e-06	219654	29	0.0716327001079745	0.0318394894973068	NA	NA	NA	4.79506214369968	0.00310848616723658	comp835_c0_seq1	0.0407211687907992
comp1174_c0_seq1	Winter_cold_injury_p	Winter_cold_injury_p	0.000122206512310432	204811	29	0.0630474487320972	0.0323386188870638	NA	NA	NA	3.84168915097411	0.0121230960522226	comp835_c0_seq1	0.0875505129002177
comp11950_c0_seq1	TD	TD	1.15764519049741e-08	173740	20	0.257897816212083	0.051163937279153	NA	NA	NA	5.70588779887022	0.00155424308361829	comp13478_c0_seq1	0.033606621988473
comp11950_c0_seq1	MCMT	MCMT	4.93619994970898e-09	175594	20	0.232268697261084	0.0479188075050934	NA	NA	NA	5.84934746769454	0.000932545850170996	comp13478_c0_seq1	0.0309488231724505
comp11950_c0_seq1	Winter_cold_injury_p	Winter_cold_injury_p	4.73675255074351e-07	165092	20	0.144255798668908	0.0323386188870638	NA	NA	NA	5.03671885820532	0.00217594031706558	comp13478_c0_seq1	0.0452457431008881
comp11950_c0_seq1	LAT	LAT	3.97637797067393e-08	170975	20	0.205050069217659	0.0484469357724453	NA	NA	NA	5.49193635102813	0.00279763755051288	comp13478_c0_seq1	0.071993960905623
comp11950_c0_seq1	DD_0	DD_0	8.66894772785198e-09	174374	20	0.172784922549439	0.038735717164252	NA	NA	NA	5.75494574387271	0.00134701067246923	comp13478_c0_seq1	0.0300634660626946
comp11950_c0_seq1	Fall_cold_injury_p	Fall_cold_injury_p	8.37848086215991e-07	163666	20	0.118947530105755	0.0318394894973068	NA	NA	NA	4.92637717118079	0.00248678893378929	comp13478_c0_seq1	0.0361965944807108
comp11950_c0_seq1	EMT	EMT	3.56309863133702e-08	171225	20	0.20903412698517	0.0466580221796518	NA	NA	NA	5.51128096656539	0.00176147549476735	comp13478_c0_seq1	0.0308821259903616
comp12230_c0_seq1	TD	TD	9.4959120928411e-09	625530.5	93	0.112196885495065	0.051163937279153	NA	NA	NA	5.73951317220771	0.00155424308361829	comp14965_c0_seq1	0.033606621988473
comp12230_c0_seq1	Winter_cold_injury_p	Winter_cold_injury_p	3.38822374105058e-06	594939.5	93	0.0552826312158857	0.0323386188870638	NA	NA	NA	4.64578053292106	0.00362656719510934	comp14965_c0_seq1	0.0542948917210652
comp12230_c0_seq1	Fall_cold_injury_p	Fall_cold_injury_p	2.78183399191569e-07	608697.5	93	0.0546465311511015	0.0318394894973068	NA	NA	NA	5.13767598097133	0.00196870790591652	comp14965_c0_seq1	0.0361965944807108
comp12230_c0_seq1	DD_0	DD_0	1.51360433979633e-05	586015.5	93	0.0672031319102025	0.038735717164252	NA	NA	NA	4.3267170805006	0.00725313439021869	comp14965_c0_seq1	0.059791402370224
comp12230_c0_seq1	EMT	EMT	1.92429902455888e-05	584527.5	93	0.0859160362897368	0.0466580221796518	NA	NA	NA	4.27351600282225	0.0082892964459641	comp14965_c0_seq1	0.0653505633860553
comp12230_c0_seq1	LAT	LAT	4.28848521025867e-06	593572.5	93	0.078684720566213	0.0484469357724453	NA	NA	NA	4.59690561814531	0.0086001450626878	comp14965_c0_seq1	0.0970353386119275
comp12230_c0_seq1	MCMT	MCMT	6.00426733278872e-06	591596.5	93	0.0853960896084076	0.0479188075050934	NA	NA	NA	4.52625687520685	0.00632058854004769	comp14965_c0_seq1	0.0629292737839823
comp1229_c0_seq1	EMT	EMT	7.48017906987233e-08	99133	10	0.382178561976979	0.0466580221796518	NA	NA	NA	5.37929268577393	0.00196870790591652	comp1486_c0_seq1	0.0308821259903616
comp1229_c0_seq1	TD	TD	8.66309728629553e-08	98891	10	0.403334476294978	0.051163937279153	NA	NA	NA	5.35279748234736	0.00186509170034188	comp1486_c0_seq1	0.033606621988473
comp1229_c0_seq1	Fall_cold_injury_p	Fall_cold_injury_p	6.73207860756871e-08	99306	10	0.28037113985612	0.0318394894973068	NA	NA	NA	5.39823347169457	0.00145062687804376	comp1486_c0_seq1	0.0361965944807108
comp1229_c0_seq1	LAT	LAT	7.93422871068544e-08	99036	10	0.387672987192409	0.0484469357724453	NA	NA	NA	5.36867270754096	0.00331571857838564	comp1486_c0_seq1	0.0759936254003796
comp1229_c0_seq1	Winter_cold_injury_p	Winter_cold_injury_p	7.32260875751948e-08	99168	10	0.265896960932222	0.0323386188870638	NA	NA	NA	5.38312463668273	0.00176147549476735	comp1486_c0_seq1	0.0419551436026405
comp1229_c0_seq1	MCMT	MCMT	7.80523071892267e-08	99063	10	0.382293140378297	0.0479188075050934	NA	NA	NA	5.37162878395633	0.00217594031706558	comp1486_c0_seq1	0.0371385878069401
comp1229_c0_seq1	DD_0	DD_0	8.01164365139772e-08	99020	10	0.306703423871236	0.038735717164252	NA	NA	NA	5.36692095855408	0.00217594031706558	comp1486_c0_seq1	0.0324792802998742
comp12657_c1_seq1	TD	TD	0.00183980585132707	152225.5	22	0.0780504622254288	0.051163937279153	NA	NA	NA	3.11497968218914	0.036058439539944	comp40272_c0_seq1	0.137799195536969
comp12657_c1_seq1	EMT	EMT	0.00432202444700635	148683.5	22	0.065543237029227	0.0466580221796518	NA	NA	NA	2.85368596075745	0.0491140814423375	comp40272_c0_seq1	0.164936650359789
comp12657_c1_seq1	Fall_cold_injury_p	Fall_cold_injury_p	0.000153573896848748	161311.5	22	0.0586520543937259	0.0318394894973068	NA	NA	NA	3.78525488064435	0.0135737229302663	comp40272_c0_seq1	0.0964448734518921
comp12657_c1_seq1	Winter_cold_injury_p	Winter_cold_injury_p	0.00133061003174174	153504.5	22	0.0546458250921164	0.0323386188870638	NA	NA	NA	3.20933164992238	0.027976375505129	comp40272_c0_seq1	0.135737229302663
comp12799_c0_seq1	DD_0	DD_0	1.07981035013849e-07	161918	19	0.149411072597699	0.038735717164252	NA	NA	NA	5.31279323671154	0.00227955652264011	comp12831_c0_seq1	0.0324792802998742
comp12799_c0_seq1	EMT	EMT	4.94716445256426e-08	163687	19	0.192984287055604	0.0466580221796518	NA	NA	NA	5.45323872575399	0.00176147549476735	comp12831_c0_seq1	0.0308821259903616
comp12799_c0_seq1	Winter_cold_injury_p	Winter_cold_injury_p	1.15901735271375e-06	156247	19	0.11411401325862	0.0323386188870638	NA	NA	NA	4.86255786737308	0.00259040513936382	comp12831_c0_seq1	0.0452457431008881
comp12799_c0_seq1	LAT	LAT	3.40542788665985e-07	159232	19	0.159618445987587	0.0484469357724453	NA	NA	NA	5.09954474402187	0.00435188063413117	comp12831_c0_seq1	0.0775319578983637
comp12799_c0_seq1	Fall_cold_injury_p	Fall_cold_injury_p	1.30502906224467e-07	161482	19	0.116128441464281	0.0318394894973068	NA	NA	NA	5.27817806812901	0.00186509170034188	comp12831_c0_seq1	0.0361965944807108
comp12799_c0_seq1	MCMT	MCMT	1.05790943678674e-07	161965	19	0.185522671727783	0.0479188075050934	NA	NA	NA	5.31652468837067	0.00217594031706558	comp12831_c0_seq1	0.0371385878069401
comp12799_c0_seq1	TD	TD	2.21780625122823e-07	160247	19	0.206784739039451	0.051163937279153	NA	NA	NA	5.18012822134131	0.00269402134493835	comp12831_c0_seq1	0.0420705119707563
comp13699_c0_seq1	DD_0	DD_0	0.000282521640489564	201528.5	29	0.0690099136878356	0.038735717164252	NA	NA	NA	3.63085260522045	0.0188581494145684	comp12604_c0_seq1	0.0949772893617545
comp13699_c0_seq1	LAT	LAT	8.29023878748282e-05	206277.5	29	0.0860596484117127	0.0484469357724453	NA	NA	NA	3.93588314772895	0.0177183711532484	comp12604_c0_seq1	0.127789280607482
comp13699_c0_seq1	Fall_cold_injury_p	Fall_cold_injury_p	0.000495779917958437	199227.5	29	0.0495933538284807	0.0318394894973068	NA	NA	NA	3.48305827413768	0.0203087762926122	comp12604_c0_seq1	0.118242208636987
comp13699_c0_seq1	TD	TD	0.000497925340336134	199209.5	29	0.081428167833	0.051163937279153	NA	NA	NA	3.48190212552426	0.0234172624598488	comp12604_c0_seq1	0.119246685268281
comp13699_c0_seq1	Winter_cold_injury_p	Winter_cold_injury_p	0.000645823653055548	198115.5	29	0.0505416463947909	0.0323386188870638	NA	NA	NA	3.41163398201945	0.0213449383483577	comp12604_c0_seq1	0.114019272614237
comp13699_c0_seq1	EMT	EMT	0.000126151531161425	204689.5	29	0.0831092583464818	0.0466580221796518	NA	NA	NA	3.8338851478335	0.0156460470417573	comp12604_c0_seq1	0.0899993386004823
comp13699_c0_seq1	MCMT	MCMT	0.000134299480146157	204449.5	29	0.0868280042411281	0.0479188075050934	NA	NA	NA	3.81846983298784	0.0156460470417573	comp12604_c0_seq1	0.0934654459807994
comp1377_c0_seq1	Fall_cold_injury_p	Fall_cold_injury_p	0.00016748075714105	209600.5	30	0.0594466063618652	0.0318394894973068	NA	NA	NA	3.76363746969468	0.0139881877525645	comp2237_c0_seq1	0.0964448734518921
comp1377_c0_seq1	MCMT	MCMT	0.000239256244649211	208173.5	30	0.0897012403216949	0.0479188075050934	NA	NA	NA	3.67352563054477	0.0185473007978448	comp2237_c0_seq1	0.0984860328509971
comp1377_c0_seq1	EMT	EMT	1.6984050410009e-05	218114.5	30	0.0979364135628418	0.0466580221796518	NA	NA	NA	4.30127741259752	0.00818568024038957	comp2237_c0_seq1	0.0653505633860553
comp1377_c0_seq1	Winter_cold_injury_p	Winter_cold_injury_p	0.00506491342916377	194386.5	30	0.0512673936295328	0.0323386188870638	NA	NA	NA	2.80290760226178	0.0447622008082064	comp2237_c0_seq1	0.195461610195835
comp1377_c0_seq1	DD_0	DD_0	0.000187009921975792	209162.5	30	0.0723494985954005	0.038735717164252	NA	NA	NA	3.7359787552254	0.0172002901253756	comp2237_c0_seq1	0.0949772893617545
comp1377_c0_seq1	TD	TD	9.54808228975198e-06	220108.5	30	0.108939120617357	0.051163937279153	NA	NA	NA	4.42719402595766	0.00735675059579322	comp2237_c0_seq1	0.0595041980727821
comp13815_c0_seq1	EMT	EMT	1.96925801726692e-05	260092.5	37	0.0639493816430247	0.0466580221796518	NA	NA	NA	4.26837658207274	0.00849652885711327	comp15191_c0_seq1	0.0653505633860553
comp13815_c0_seq1	TD	TD	0.000707149665006989	244583.5	37	0.0591794293156259	0.051163937279153	NA	NA	NA	3.38682046912716	0.0259040513936379	comp15191_c0_seq1	0.120405424531689
comp13815_c0_seq1	MCMT	MCMT	7.0281792117777e-05	254937.5	37	0.0620769997224911	0.0479188075050934	NA	NA	NA	3.97535822097696	0.0121230960522226	comp15191_c0_seq1	0.0762318381300354
comp13815_c0_seq1	DD_0	DD_0	3.49501336114607e-06	266619.5	37	0.0575964246707738	0.038735717164252	NA	NA	NA	4.63938159523902	0.00507719407315299	comp15191_c0_seq1	0.0482268101422376
comp14133_c0_seq1	MCMT	MCMT	0.00220665460742766	301368.5	48	0.0672996781130815	0.0479188075050934	NA	NA	NA	3.06093487375155	0.0389596932960316	comp16010_c0_seq1	0.14592513173917
comp14133_c0_seq1	Fall_cold_injury_p	Fall_cold_injury_p	9.73051753104326e-06	328678.5	48	0.0519341540009136	0.0318394894973068	NA	NA	NA	4.42310164338344	0.00559527510102575	comp16010_c0_seq1	0.0563831567872595
comp14133_c0_seq1	Winter_cold_injury_p	Winter_cold_injury_p	0.000153008383350472	315908.5	48	0.0534648772020101	0.0323386188870638	NA	NA	NA	3.78616024286351	0.0125375608745207	comp16010_c0_seq1	0.0875505129002177
comp14133_c0_seq1	DD_0	DD_0	0.000511239787592814	309666.5	48	0.0577053182434773	0.038735717164252	NA	NA	NA	3.47482208921861	0.0224847166096778	comp16010_c0_seq1	0.0975471987457515
comp14133_c0_seq1	EMT	EMT	0.00417943777616519	297426.5	48	0.060110025677295	0.0466580221796518	NA	NA	NA	2.86431600132793	0.0491140814423375	comp16010_c0_seq1	0.164936650359789
comp14133_c0_seq1	LAT	LAT	0.000152732353888069	315917.5	48	0.0792349340584042	0.0484469357724453	NA	NA	NA	3.78660914439872	0.0206196249093358	comp16010_c0_seq1	0.127789280607482
comp14667_c0_seq1	Fall_cold_injury_p	Fall_cold_injury_p	0.00221815096124516	133535	19	0.065757681924643	0.0318394894973068	NA	NA	NA	3.05939339754146	0.0361620557455186	comp16527_c0_seq1	0.166218572023261
comp14667_c0_seq1	TD	TD	0.00323256654227725	132091	19	0.0870597586897242	0.051163937279153	NA	NA	NA	2.94475049975893	0.0447622008082064	comp16527_c0_seq1	0.154195089123586
comp14667_c0_seq1	EMT	EMT	0.00459182757739341	130701	19	0.0801008773311337	0.0466580221796518	NA	NA	NA	2.83439480175497	0.049943011086934	comp16527_c0_seq1	0.165390941415047
comp14667_c0_seq1	Winter_cold_injury_p	Winter_cold_injury_p	7.53547386778636e-05	144863	19	0.0755706428913699	0.0323386188870638	NA	NA	NA	3.95875263997949	0.0103616205574552	comp16527_c0_seq1	0.0798454290015665
comp1566_c2_seq1	Fall_cold_injury_p	Fall_cold_injury_p	1.4551247031656e-11	270447	32	0.113035228550021	0.0318394894973068	NA	NA	NA	6.75233765987522	0.000207232411149061	comp15605_c0_seq1	0.0135737229302635
comp1566_c2_seq1	LAT	LAT	2.68320846346895e-09	257322	32	0.151007857214385	0.0484469357724453	NA	NA	NA	5.94992173381238	0.00134701067246923	comp15605_c0_seq1	0.0479959739370835
comp1566_c2_seq1	Winter_cold_injury_p	Winter_cold_injury_p	2.82612186693766e-10	263180	32	0.0993169797327714	0.0323386188870638	NA	NA	NA	6.30805906675533	0.000310848616723702	comp15605_c0_seq1	0.0203605843954025
comp1566_c2_seq1	EMT	EMT	6.53130053465882e-09	254912	32	0.130490845859831	0.0466580221796518	NA	NA	NA	5.80258288567437	0.00134701067246923	comp15605_c0_seq1	0.0308821259903616
comp1566_c2_seq1	MCMT	MCMT	6.15402262771178e-09	255075	32	0.145826223331783	0.0479188075050934	NA	NA	NA	5.81254812727043	0.00103616205574553	comp15605_c0_seq1	0.0309488231724505
comp1566_c2_seq1	DD_0	DD_0	1.05331035278829e-08	253593	32	0.108289852814978	0.038735717164252	NA	NA	NA	5.72194390613327	0.00134701067246923	comp15605_c0_seq1	0.0300634660626946
comp1566_c2_seq1	TD	TD	1.31894355374987e-09	259206	32	0.172618562783343	0.051163937279153	NA	NA	NA	6.06510280845638	0.000932545850170996	comp15605_c0_seq1	0.0312061489892982
comp16131_c1_seq1	EMT	EMT	0.00275908379482177	537810	91	0.101323072494377	0.0466580221796518	NA	NA	NA	2.99339542513593	0.0424826442855663	comp11908_c0_seq1	0.161567440101954
comp16131_c1_seq1	TD	TD	0.000748726919668205	548259	91	0.109431022510564	0.051163937279153	NA	NA	NA	3.37110329613274	0.0262149000103616	comp11908_c0_seq1	0.120405424531689
comp16131_c1_seq1	LAT	LAT	0.000965414834235777	546304	91	0.083089435958663	0.0484469357724453	NA	NA	NA	3.30043443903648	0.036058439539944	comp11908_c0_seq1	0.154653693797265
comp16131_c1_seq1	DD_0	DD_0	0.00179654452499879	541367	91	0.0835587465327675	0.038735717164252	NA	NA	NA	3.12197298252282	0.0344005802507512	comp11908_c0_seq1	0.126488223572532
comp16131_c1_seq1	MCMT	MCMT	0.00144900433015906	543103	91	0.103835403613355	0.0479188075050934	NA	NA	NA	3.18472548171418	0.0338824992228784	comp11908_c0_seq1	0.137825425861311
comp16131_c1_seq1	Winter_cold_injury_p	Winter_cold_injury_p	3.60084194590735e-06	583174	91	0.0630717008139284	0.0323386188870638	NA	NA	NA	4.63320209179294	0.00373018340068387	comp11908_c0_seq1	0.0542948917210652
comp16131_c1_seq1	Fall_cold_injury_p	Fall_cold_injury_p	0.00460783713551648	533380	91	0.054426412117039	0.0318394894973068	NA	NA	NA	2.83326087938841	0.0474562221531447	comp11908_c0_seq1	0.197357622287681
comp16175_c0_seq1	TD	TD	7.98248656505535e-08	215626	27	0.134627074289289	0.051163937279153	NA	NA	NA	5.36755733924649	0.00186509170034188	comp52069_c0_seq1	0.033606621988473
comp16175_c0_seq1	DD_0	DD_0	6.33224718724427e-07	209817	27	0.0861943295500712	0.038735717164252	NA	NA	NA	4.98083170999931	0.00310848616723658	comp52069_c0_seq1	0.0393688246059089
comp16175_c0_seq1	Fall_cold_injury_p	Fall_cold_injury_p	1.13344713432117e-08	220762	27	0.0928036073501183	0.0318394894973068	NA	NA	NA	5.70947898355936	0.00103616205574553	comp52069_c0_seq1	0.0361965944807108
comp16175_c0_seq1	LAT	LAT	2.55654734090002e-08	218658	27	0.123845014730881	0.0484469357724453	NA	NA	NA	5.56940827880191	0.00259040513936382	comp52069_c0_seq1	0.071993960905623
comp16175_c0_seq1	Winter_cold_injury_p	Winter_cold_injury_p	2.74844581196412e-05	197989	27	0.0776286610785696	0.0323386188870638	NA	NA	NA	4.19340001044076	0.00714951818464404	comp52069_c0_seq1	0.06830647668134
comp16175_c0_seq1	MCMT	MCMT	3.64954686023719e-07	211403	27	0.114859691040504	0.0479188075050934	NA	NA	NA	5.08641732679842	0.00321210237281111	comp52069_c0_seq1	0.0451488714515744
comp16175_c0_seq1	EMT	EMT	9.16202161938374e-07	208736	27	0.10468406719865	0.0466580221796518	NA	NA	NA	4.90886572528315	0.00321210237281111	comp52069_c0_seq1	0.0382938362280482
comp16873_c0_seq1	Fall_cold_injury_p	Fall_cold_injury_p	8.86765690297519e-07	271473	37	0.0547560155815568	0.0318394894973068	NA	NA	NA	4.91526221901756	0.00248678893378929	comp17077_c1_seq1	0.0361965944807108
comp16873_c0_seq1	MCMT	MCMT	9.89211214031675e-06	262752	37	0.0835137678534501	0.0479188075050934	NA	NA	NA	4.41954677243826	0.00704590197906951	comp17077_c1_seq1	0.0647544607915879
comp16873_c0_seq1	EMT	EMT	7.70455116128663e-06	263697	37	0.0810127701359564	0.0466580221796518	NA	NA	NA	4.47326206850722	0.00642420474562222	comp17077_c1_seq1	0.0622583659965685
comp16873_c0_seq1	TD	TD	7.01959468991442e-07	272275	37	0.102228029813604	0.051163937279153	NA	NA	NA	4.96084916869725	0.00414464822298211	comp17077_c1_seq1	0.0495981788283999
comp16873_c0_seq1	DD_0	DD_0	4.5879363269612e-05	256703	37	0.0629323194548906	0.038735717164252	NA	NA	NA	4.07571203601374	0.0106724691741789	comp17077_c1_seq1	0.0715586282542696
comp16873_c0_seq1	Winter_cold_injury_p	Winter_cold_injury_p	0.000710158928164139	244563	37	0.0468410305245941	0.0323386188870638	NA	NA	NA	3.38565521667275	0.0217594031706559	comp17077_c1_seq1	0.114019272614237
comp16873_c0_seq1	LAT	LAT	0.000107911819237238	253121	37	0.0752109383834885	0.0484469357724453	NA	NA	NA	3.87210548519995	0.0182364521811211	comp17077_c1_seq1	0.127789280607482
comp17141_c0_seq1	DD_0	DD_0	0.000373919571276529	95602	12	0.0937559127752809	0.038735717164252	NA	NA	NA	3.55788812383523	0.0199979276758885	comp10286_c0_seq1	0.0949772893617545
comp17141_c0_seq1	EMT	EMT	0.000187176941497756	97382	12	0.12306625573538	0.0466580221796518	NA	NA	NA	3.73577253652066	0.0181328359755466	comp10286_c0_seq1	0.0960777253033469
comp17141_c0_seq1	LAT	LAT	0.000817869288367066	93489	12	0.105174402705374	0.0484469357724453	NA	NA	NA	3.34672533506876	0.0341933478396022	comp10286_c0_seq1	0.154653693797265
comp17141_c0_seq1	Fall_cold_injury_p	Fall_cold_injury_p	0.00138685762486378	91995	12	0.0668485124783773	0.0318394894973068	NA	NA	NA	3.19742235048896	0.0294270023831728	comp10286_c0_seq1	0.151174012242966
comp17141_c0_seq1	Winter_cold_injury_p	Winter_cold_injury_p	0.000144824046218437	98023	12	0.0779618682884057	0.0323386188870638	NA	NA	NA	3.79983091210007	0.0124339446689462	comp10286_c0_seq1	0.0875505129002177
comp17141_c0_seq1	MCMT	MCMT	0.000204544131202056	97158	12	0.121869763392184	0.0479188075050934	NA	NA	NA	3.71338708234002	0.0181328359755466	comp10286_c0_seq1	0.098473528275978
comp17141_c0_seq1	TD	TD	0.000167951076308322	97654	12	0.132275677799506	0.051163937279153	NA	NA	NA	3.76295487374	0.0164749766863538	comp10286_c0_seq1	0.0982993693162863
comp17191_c1_seq1	EMT	EMT	0.00138098036925097	110790.5	15	0.132073261253191	0.0466580221796518	NA	NA	NA	3.19864174729774	0.0336752668117294	comp12027_c0_seq1	0.136090724703288
comp17191_c1_seq1	Fall_cold_injury_p	Fall_cold_injury_p	0.001540416964366	110436.5	15	0.0898678535930429	0.0318394894973068	NA	NA	NA	3.16700432455865	0.0316029427002383	comp12027_c0_seq1	0.15622586768797
comp17218_c0_seq1	Fall_cold_injury_p	Fall_cold_injury_p	0.00443852051393519	749625	131	0.0332072897945837	0.0318394894973068	NA	NA	NA	2.84520312575857	0.0465236763029738	comp6858_c0_seq1	0.196600051473857
comp1873_c1_seq1	Winter_cold_injury_p	Winter_cold_injury_p	0.00623743592832777	55898	7	0.0738705906592712	0.0323386188870638	NA	NA	NA	2.73509666214646	0.0485960004144648	comp1541_c0_seq1	0.205161088243203
comp19034_c0_seq1	TD	TD	3.42737232599408e-07	179111	22	0.139944322559102	0.051163937279153	NA	NA	NA	5.09832591244091	0.00310848616723658	comp16861_c0_seq1	0.0442597015076961
comp19034_c0_seq1	DD_0	DD_0	8.60296815255072e-07	176710	22	0.0933701054476038	0.038735717164252	NA	NA	NA	4.92120388388148	0.00362656719510934	comp16861_c0_seq1	0.0435129114065309
comp19034_c0_seq1	LAT	LAT	1.29201097417409e-06	175623	22	0.106766973107863	0.0484469357724453	NA	NA	NA	4.84101577682438	0.00621697233447316	comp16861_c0_seq1	0.0959919478741655
comp19034_c0_seq1	Winter_cold_injury_p	Winter_cold_injury_p	2.73933544625198e-06	173569	22	0.074695355261134	0.0323386188870638	NA	NA	NA	4.68949197563277	0.00331571857838564	comp16861_c0_seq1	0.0542948917210649
comp19034_c0_seq1	MCMT	MCMT	5.7015956116684e-07	177793	22	0.119616219110582	0.0479188075050934	NA	NA	NA	5.00109691050783	0.00373018340068387	comp16861_c0_seq1	0.0495181170759203
comp19034_c0_seq1	Fall_cold_injury_p	Fall_cold_injury_p	1.30260565590247e-06	175601	22	0.0800343073966836	0.0318394894973068	NA	NA	NA	4.83939283445524	0.00300486996166205	comp16861_c0_seq1	0.0407211687907992
comp19034_c0_seq1	EMT	EMT	3.45283569598119e-07	179092	22	0.121040693764944	0.0466580221796518	NA	NA	NA	5.09692428039483	0.00269402134493835	comp16861_c0_seq1	0.0351081011258843
comp19126_c0_seq1	LAT	LAT	0.000850665396632963	284019	44	0.127363598588355	0.0484469357724453	NA	NA	NA	3.33578614293035	0.0346078126619003	comp17039_c0_seq1	0.154653693797265
comp1918_c0_seq1	TD	TD	0.000421375004073885	193944	28	0.0738428389559115	0.051163937279153	NA	NA	NA	3.52635424931996	0.0224847166096778	comp1964_c0_seq1	0.119246685268281
comp20005_c0_seq1	Fall_cold_injury_p	Fall_cold_injury_p	4.8152990429098e-07	158401	19	0.079567281082436	0.0318394894973068	NA	NA	NA	5.03356950298497	0.00227955652264011	comp14798_c0_seq1	0.0361965944807108
comp20005_c0_seq1	MCMT	MCMT	1.03023651451354e-08	167119	19	0.135083339436436	0.0479188075050934	NA	NA	NA	5.72571408945874	0.00124339446689459	comp14798_c0_seq1	0.0330120780506127
comp20005_c0_seq1	DD_0	DD_0	1.31891385101527e-08	166589	19	0.108382359832727	0.038735717164252	NA	NA	NA	5.68363601755795	0.00134701067246923	comp14798_c0_seq1	0.0300634660626946
comp20005_c0_seq1	Winter_cold_injury_p	Winter_cold_injury_p	6.12718820267159e-07	157817	19	0.0784820285091412	0.0323386188870638	NA	NA	NA	4.98720423130561	0.00227955652264011	comp14798_c0_seq1	0.0452457431008881
comp20005_c0_seq1	TD	TD	8.78825984200363e-08	162389	19	0.132436260318389	0.051163937279153	NA	NA	NA	5.3501871458913	0.00186509170034188	comp14798_c0_seq1	0.033606621988473
comp20005_c0_seq1	EMT	EMT	5.20766729133216e-09	168564	19	0.127368924465812	0.0466580221796518	NA	NA	NA	5.84043637982976	0.00134701067246923	comp14798_c0_seq1	0.0308821259903616
comp20005_c0_seq1	LAT	LAT	2.21875037527042e-07	160246	19	0.112972918205008	0.0484469357724453	NA	NA	NA	5.18004882875282	0.00393741581183293	comp14798_c0_seq1	0.0759936254003796
comp2058_c0_seq1	DD_0	DD_0	1.36526143109065e-05	168959	22	0.081041065435098	0.038735717164252	NA	NA	NA	4.34941177919005	0.00694228577349498	comp1063_c0_seq1	0.059791402370224
comp2058_c0_seq1	EMT	EMT	5.84376472704002e-05	164481	22	0.0875337967589966	0.0466580221796518	NA	NA	NA	4.01906923696218	0.0123303284633717	comp1063_c0_seq1	0.0794588755211464
comp2058_c0_seq1	Fall_cold_injury_p	Fall_cold_injury_p	2.48390047212196e-06	173840	22	0.0780384755157887	0.0318394894973068	NA	NA	NA	4.70948367481627	0.00373018340068387	comp1063_c0_seq1	0.0444230932263261
comp2058_c0_seq1	TD	TD	2.5384793801877e-05	167088	22	0.0993537522075889	0.051163937279153	NA	NA	NA	4.21138790770538	0.00963630711843333	comp1063_c0_seq1	0.0684013568755304
comp2058_c0_seq1	Winter_cold_injury_p	Winter_cold_injury_p	0.000271544931604649	159357	22	0.0546954940501678	0.0323386188870638	NA	NA	NA	3.64107120516771	0.0153351984250337	comp1063_c0_seq1	0.0934377206362519
comp2058_c0_seq1	LAT	LAT	7.19733732117403e-06	170835	22	0.108711175934659	0.0484469357724453	NA	NA	NA	4.48780450121316	0.00963630711843333	comp1063_c0_seq1	0.0970353386119275
comp2058_c0_seq1	MCMT	MCMT	1.63104775411844e-05	168428	22	0.0972919662317213	0.0479188075050934	NA	NA	NA	4.3102398520076	0.00797844782924051	comp1063_c0_seq1	0.0657395692214805
comp20822_c0_seq1	EMT	EMT	0.000543608795242911	88131	11	0.201915550784628	0.0466580221796518	NA	NA	NA	3.45834570638611	0.0260076675992125	comp18993_c0_seq1	0.125566491942462
comp20822_c0_seq1	MCMT	MCMT	0.000548898584034903	88106	11	0.201492435525155	0.0479188075050934	NA	NA	NA	3.45573610683706	0.0245570407211688	comp18993_c0_seq1	0.117357937469931
comp20822_c0_seq1	LAT	LAT	0.000692499424367868	87501	11	0.174560413121806	0.0484469357724453	NA	NA	NA	3.39258379774999	0.0325354885504093	comp18993_c0_seq1	0.154653693797265
comp20822_c0_seq1	DD_0	DD_0	0.00053899310545648	88153	11	0.157221584261372	0.038735717164252	NA	NA	NA	3.46064215398928	0.022899181431976	comp18993_c0_seq1	0.0975471987457515
comp20822_c0_seq1	Fall_cold_injury_p	Fall_cold_injury_p	0.000601020008393912	87871	11	0.111063552589874	0.0318394894973068	NA	NA	NA	3.43120587107596	0.0221738679929541	comp18993_c0_seq1	0.123607519450085
comp20822_c0_seq1	TD	TD	0.000643279687081208	87694	11	0.213928588420073	0.051163937279153	NA	NA	NA	3.41272990626867	0.0251787379546161	comp18993_c0_seq1	0.120405424531689
comp20822_c0_seq1	Winter_cold_injury_p	Winter_cold_injury_p	0.000575407667248473	87984	11	0.0963935692736129	0.0323386188870638	NA	NA	NA	3.44300126103768	0.0203087762926122	comp18993_c0_seq1	0.110852070597175
comp20932_c2_seq1	LAT	LAT	6.9482905979139e-06	214987	29	0.0961646714913733	0.0484469357724453	NA	NA	NA	4.49529850043011	0.00963630711843333	comp20167_c3_seq1	0.0970353386119275
comp20932_c2_seq1	MCMT	MCMT	1.84358395708784e-07	226184	29	0.11509582320136	0.0479188075050934	NA	NA	NA	5.21448716845869	0.00248678893378929	comp20167_c3_seq1	0.0386860289655631
comp20932_c2_seq1	Fall_cold_injury_p	Fall_cold_injury_p	5.64852502817723e-06	215670	29	0.0658949418499706	0.0318394894973068	NA	NA	NA	4.53916791726172	0.00466272925085487	comp20167_c3_seq1	0.0521230960522223
comp20932_c2_seq1	EMT	EMT	9.33624302215405e-08	228126	29	0.118982316405988	0.0466580221796518	NA	NA	NA	5.33922275775149	0.00207232411149105	comp20167_c3_seq1	0.0308821259903616
comp20932_c2_seq1	DD_0	DD_0	6.26736607576344e-08	229244	29	0.0961630480407524	0.038735717164252	NA	NA	NA	5.41103243274085	0.00196870790591652	comp20167_c3_seq1	0.0320574714648119
comp20932_c2_seq1	Winter_cold_injury_p	Winter_cold_injury_p	0.000412927555465567	199985	29	0.0539425448229011	0.0323386188870638	NA	NA	NA	3.53171286161929	0.0183400683866957	comp20167_c3_seq1	0.105638974109464
comp20932_c2_seq1	TD	TD	8.12174538220655e-07	221793	29	0.115742234746628	0.051163937279153	NA	NA	NA	4.93245113726163	0.00414464822298211	comp20167_c3_seq1	0.0495981788283999
comp22046_c0_seq1	MCMT	MCMT	0.00116108692428007	59819.5	7	0.138063209542929	0.0479188075050934	NA	NA	NA	3.24833628127782	0.0319137913169619	comp31140_c0_seq1	0.134867585771972
comp22046_c0_seq1	TD	TD	0.00127373171802802	59617.5	7	0.144974592126639	0.051163937279153	NA	NA	NA	3.22189884584125	0.0324318723448347	comp31140_c0_seq1	0.133280063227193
comp22046_c0_seq1	DD_0	DD_0	0.00108397757266113	59968.5	7	0.112031109884216	0.038735717164252	NA	NA	NA	3.26783716187213	0.0288053051497255	comp31140_c0_seq1	0.109134190519127
comp22046_c0_seq1	EMT	EMT	0.000876028420256771	60425.5	7	0.140752066648159	0.0466580221796518	NA	NA	NA	3.32764858758755	0.0292197699720236	comp31140_c0_seq1	0.129018659693066
comp22338_c0_seq1	TD	TD	5.30417161038155e-05	214006	30	0.101850022897809	0.051163937279153	NA	NA	NA	4.04183488201069	0.0117086312299244	comp21169_c0_seq1	0.0783621074620133
comp22338_c0_seq1	MCMT	MCMT	6.27201509489343e-05	213381	30	0.0929950979031439	0.0479188075050934	NA	NA	NA	4.00236753830452	0.0119158636410734	comp21169_c0_seq1	0.0762318381300354
comp22338_c0_seq1	EMT	EMT	0.000127092054358348	210684	30	0.0941713202533583	0.0466580221796518	NA	NA	NA	3.83205805674369	0.0158532794529065	comp21169_c0_seq1	0.0899993386004823
comp22338_c0_seq1	LAT	LAT	0.000202129697036688	208852	30	0.0863128256487179	0.0484469357724453	NA	NA	NA	3.71637137887218	0.021966635581805	comp21169_c0_seq1	0.127789280607482
comp22338_c0_seq1	Fall_cold_injury_p	Fall_cold_injury_p	0.000152282229003174	209976	30	0.0611326012038464	0.0318394894973068	NA	NA	NA	3.78734944979335	0.0135737229302663	comp21169_c0_seq1	0.0964448734518921
comp22338_c0_seq1	DD_0	DD_0	2.08351380680022e-05	217394	30	0.0755327734799505	0.038735717164252	NA	NA	NA	4.25577945877306	0.00818568024038957	comp21169_c0_seq1	0.059791402370224
comp2251_c0_seq1	MCMT	MCMT	4.63769723089569e-08	386242	54	0.100971137431069	0.0479188075050934	NA	NA	NA	5.4646931312095	0.00186509170034188	comp3065_c0_seq1	0.0371385878069392
comp2251_c0_seq1	DD_0	DD_0	1.8049563472669e-08	389753	54	0.0815132086840867	0.038735717164252	NA	NA	NA	5.62974997455078	0.00145062687804376	comp3065_c0_seq1	0.0300634660626946
comp2251_c0_seq1	Fall_cold_injury_p	Fall_cold_injury_p	8.33208421116378e-07	374814	54	0.0604921413578296	0.0318394894973068	NA	NA	NA	4.92744744459483	0.00238317272821464	comp3065_c0_seq1	0.0361965944807108
comp2251_c0_seq1	LAT	LAT	2.83404358416271e-06	369604	54	0.0922029355880391	0.0484469357724453	NA	NA	NA	4.68251832075318	0.00756398300694228	comp3065_c0_seq1	0.0970353386119275
comp2251_c0_seq1	Winter_cold_injury_p	Winter_cold_injury_p	4.37541256488856e-06	367694	54	0.0570610565403294	0.0323386188870638	NA	NA	NA	4.59272664579396	0.00404103201740758	comp3065_c0_seq1	0.0555759821251801
comp2251_c0_seq1	EMT	EMT	4.96552031008545e-08	385984	54	0.0997042475532137	0.0466580221796518	NA	NA	NA	5.45256420338778	0.00176147549476735	comp3065_c0_seq1	0.0308821259903616
comp2251_c0_seq1	TD	TD	3.93398101403935e-07	377892	54	0.10099206993541	0.051163937279153	NA	NA	NA	5.07214837418881	0.00321210237281111	comp3065_c0_seq1	0.0442597015076961
comp22930_c1_seq1	DD_0	DD_0	0.00398964556021648	88809	12	0.0759963877518436	0.038735717164252	NA	NA	NA	2.8790292387947	0.0471453735364211	comp32742_c0_seq1	0.15840162370848
comp22930_c1_seq1	LAT	LAT	0.000190172918410492	97342	12	0.115324024968296	0.0484469357724453	NA	NA	NA	3.7317751339884	0.0217594031706559	comp32742_c0_seq1	0.127789280607482
comp22930_c1_seq1	Fall_cold_injury_p	Fall_cold_injury_p	0.00419796638256944	88648	12	0.0582976389607143	0.0318394894973068	NA	NA	NA	2.86293969360237	0.0449694332193555	comp32742_c0_seq1	0.194927562080546
comp2311_c0_seq1	Winter_cold_injury_p	Winter_cold_injury_p	2.77326682415034e-05	210255	29	0.0541050397950945	0.0323386188870638	NA	NA	NA	4.19135987605651	0.00725313439021869	comp3587_c0_seq1	0.06830647668134
comp2311_c0_seq1	LAT	LAT	1.59296672509463e-06	219719	29	0.0983466829347108	0.0484469357724453	NA	NA	NA	4.79923712480371	0.00683866956792045	comp3587_c0_seq1	0.0970353386119275
comp2311_c0_seq1	EMT	EMT	4.77540710040753e-07	223392	29	0.108774110573331	0.0466580221796518	NA	NA	NA	5.03515567242084	0.00279763755051288	comp3587_c0_seq1	0.0351081011258843
comp2311_c0_seq1	Fall_cold_injury_p	Fall_cold_injury_p	2.86166220739406e-06	217871	29	0.0620044115856398	0.0318394894973068	NA	NA	NA	4.68053920049213	0.00373018340068387	comp3587_c0_seq1	0.0444230932263261
comp2311_c0_seq1	TD	TD	6.85865707689067e-06	215030	29	0.108225161273132	0.051163937279153	NA	NA	NA	4.49806041100662	0.00673505336234592	comp3587_c0_seq1	0.0584312666260508
comp2311_c0_seq1	DD_0	DD_0	2.88055061803496e-06	217850	29	0.0850130913945143	0.038735717164252	NA	NA	NA	4.67919036044313	0.00507719407315299	comp3587_c0_seq1	0.0482268101422376
comp2311_c0_seq1	MCMT	MCMT	9.37677505357924e-07	221355	29	0.10808693413482	0.0479188075050934	NA	NA	NA	4.9043181876683	0.0047663454564294	comp3587_c0_seq1	0.0585214110897239
comp24026_c0_seq1	Winter_cold_injury_p	Winter_cold_injury_p	0.00539302494442451	118149.5	17	0.0737675015904744	0.0323386188870638	NA	NA	NA	2.78261185400526	0.0455911304528028	comp20671_c0_seq1	0.195817642272694
comp2514_c0_seq1	DD_0	DD_0	0.00349430747266394	309767.5	50	0.0572858197236357	0.038735717164252	NA	NA	NA	2.92055960836742	0.0453838980416538	comp1305_c0_seq1	0.15840162370848
comp2514_c0_seq1	Fall_cold_injury_p	Fall_cold_injury_p	0.00144244323974675	315200.5	50	0.0450728760916052	0.0318394894973068	NA	NA	NA	3.18604503694081	0.0305667806444928	comp1305_c0_seq1	0.154009548631868
comp2514_c0_seq1	EMT	EMT	0.00110798468006536	316746.5	50	0.0767933501852982	0.0466580221796518	NA	NA	NA	3.26159086292544	0.0312920940835146	comp1305_c0_seq1	0.135440181129157
comp2514_c0_seq1	Winter_cold_injury_p	Winter_cold_injury_p	3.6376474468316e-05	334505.5	50	0.0555315699142941	0.0323386188870638	NA	NA	NA	4.12939055481479	0.00787483162366598	comp1305_c0_seq1	0.06830647668134
comp2514_c0_seq1	TD	TD	0.00190497991785382	313535.5	50	0.0772987840496419	0.051163937279153	NA	NA	NA	3.10468423469993	0.0364729043622423	comp1305_c0_seq1	0.137799195536969
comp25592_c0_seq1	Fall_cold_injury_p	Fall_cold_injury_p	0.000163986352611123	110739.5	14	0.0767674408361719	0.0318394894973068	NA	NA	NA	3.76891916530866	0.0139881877525645	comp26296_c0_seq1	0.0964448734518921
comp25592_c0_seq1	MCMT	MCMT	0.000153612721434791	110915.5	14	0.115559328538932	0.0479188075050934	NA	NA	NA	3.7852013919706	0.0160605118640555	comp26296_c0_seq1	0.0936013188630199
comp25592_c0_seq1	Winter_cold_injury_p	Winter_cold_injury_p	0.000535791853814763	107424.5	14	0.0675022480242749	0.0323386188870638	NA	NA	NA	3.46223972562486	0.020101543881463	comp26296_c0_seq1	0.110852070597175
comp25592_c0_seq1	LAT	LAT	0.000193160640666268	110295.5	14	0.119067132028755	0.0484469357724453	NA	NA	NA	3.72784354804784	0.0217594031706559	comp26296_c0_seq1	0.127789280607482
comp25592_c0_seq1	TD	TD	0.000176703906126886	110537.5	14	0.110279659551961	0.051163937279153	NA	NA	NA	3.75023160970802	0.0167858253030774	comp26296_c0_seq1	0.0982993693162863
comp25592_c0_seq1	DD_0	DD_0	0.000443260275369674	107972.5	14	0.0933830344260848	0.038735717164252	NA	NA	NA	3.51293665864046	0.0212413221427832	comp26296_c0_seq1	0.0968473085305355
comp25592_c0_seq1	EMT	EMT	0.00126302673598403	104852.5	14	0.106259775049034	0.0466580221796518	NA	NA	NA	3.22429718599688	0.0326391047559839	comp26296_c0_seq1	0.136090724703288
comp2696_c0_seq1	LAT	LAT	0.00120144159226574	395034	64	0.0624692078662312	0.0484469357724453	NA	NA	NA	3.23855923813309	0.0396850067350534	comp2728_c0_seq1	0.158469465671574
comp2696_c0_seq1	DD_0	DD_0	0.000353155723447172	402779	64	0.0495049852547328	0.038735717164252	NA	NA	NA	3.57284291352479	0.0196870790591649	comp2728_c0_seq1	0.0949772893617545
comp2696_c0_seq1	MCMT	MCMT	0.00177582188146359	392412	64	0.0582183256835302	0.0479188075050934	NA	NA	NA	3.12539051032456	0.036058439539944	comp2728_c0_seq1	0.141248399528035
comp2790_c0_seq1	Winter_cold_injury_p	Winter_cold_injury_p	0.00207618550763245	157680	23	0.070072847130915	0.0323386188870638	NA	NA	NA	3.07914816235583	0.0338824992228784	comp3109_c0_seq1	0.158521692792752
comp3081_c0_seq1	LAT	LAT	0.00174388031320613	274394	43	0.0521494161722847	0.0484469357724453	NA	NA	NA	3.13073002151525	0.0454875142472283	comp4835_c0_seq1	0.17270682424901
comp33_c0_seq1	TD	TD	0.00275505103251162	333683.5	54	0.057259695326438	0.051163937279153	NA	NA	NA	2.99384718966794	0.041860947052119	comp18_c0_seq1	0.148164518335585
comp3329_c0_seq1	LAT	LAT	0.000946847384589193	214074	32	0.0704955043324195	0.0484469357724453	NA	NA	NA	3.30589247892738	0.0357475909232204	comp3237_c0_seq1	0.154653693797265
comp3348_c0_seq1	Fall_cold_injury_p	Fall_cold_injury_p	6.14826310871579e-05	688662	113	0.0440181004637203	0.0318394894973068	NA	NA	NA	4.00706320465716	0.00994715573515703	comp1945_c0_seq1	0.0814423375815982
comp3348_c0_seq1	MCMT	MCMT	6.79198616889012e-05	687934	113	0.0655618810680705	0.0479188075050934	NA	NA	NA	3.98347356505089	0.0121230960522226	comp1945_c0_seq1	0.0762318381300354
comp3348_c0_seq1	DD_0	DD_0	0.000413368922641383	673983	113	0.0484240323909594	0.038735717164252	NA	NA	NA	3.53141441374999	0.0209304735260595	comp1945_c0_seq1	0.0968473085305355
comp3348_c0_seq1	Winter_cold_injury_p	Winter_cold_injury_p	2.90514182828101e-07	723302	113	0.0496178437705425	0.0323386188870638	NA	NA	NA	5.12951528702138	0.00176147549476735	comp1945_c0_seq1	0.0419551436026405
comp3348_c0_seq1	TD	TD	9.40705517308838e-05	685525	113	0.0733362138844362	0.051163937279153	NA	NA	NA	3.90541389223289	0.0142990363692882	comp1945_c0_seq1	0.0905259457167004
comp3348_c0_seq1	EMT	EMT	1.37590769847237e-05	699174	113	0.0640122777785121	0.0466580221796518	NA	NA	NA	4.34768723149933	0.00766759921251681	comp1945_c0_seq1	0.0653505633860553
comp3368_c0_seq1	EMT	EMT	0.00114884264806577	253731	39	0.0744400585398882	0.0466580221796518	NA	NA	NA	3.25131358493486	0.0318101751113874	comp4847_c0_seq1	0.135440181129157
comp3368_c0_seq1	MCMT	MCMT	0.000679932874413287	256373	39	0.0775682233729056	0.0479188075050934	NA	NA	NA	3.39757314958382	0.0269402134493835	comp4847_c0_seq1	0.126222651369993
comp3368_c0_seq1	Winter_cold_injury_p	Winter_cold_injury_p	0.00400278680808538	246987	39	0.0557350904179948	0.0323386188870638	NA	NA	NA	2.87796971514207	0.0422754118744172	comp4847_c0_seq1	0.190968239846505
comp3368_c0_seq1	Fall_cold_injury_p	Fall_cold_injury_p	0.00428017119137031	246604	39	0.0503069762704537	0.0318394894973068	NA	NA	NA	2.85676706061498	0.0453838980416538	comp4847_c0_seq1	0.194927562080546
comp3368_c0_seq1	LAT	LAT	0.000173724185750483	262820	39	0.0898315197851308	0.0484469357724453	NA	NA	NA	3.75447527422115	0.0214485545539322	comp4847_c0_seq1	0.127789280607482
comp3368_c0_seq1	DD_0	DD_0	5.96912926792622e-05	267509	39	0.0695525507762205	0.038735717164252	NA	NA	NA	4.01405555379683	0.0121230960522226	comp4847_c0_seq1	0.076769207981522
comp36275_c0_seq1	EMT	EMT	0.00329011497941145	120016	17	0.0727205447795017	0.0466580221796518	NA	NA	NA	2.93928827523336	0.0451766656305046	comp30696_c0_seq1	0.164936650359789
comp3649_c0_seq1	EMT	EMT	0.00363299691391781	513655	87	0.0759803431028781	0.0466580221796518	NA	NA	NA	2.90840441559172	0.0467309087141229	comp3348_c0_seq1	0.164936650359789
comp3649_c0_seq1	DD_0	DD_0	0.000887936626011623	524890	87	0.0627298568966803	0.038735717164252	NA	NA	NA	3.32383793678139	0.0264221324215107	comp3348_c0_seq1	0.103852244219035
comp3649_c0_seq1	TD	TD	0.00160547753265485	520322	87	0.0848464362043866	0.051163937279153	NA	NA	NA	3.15492825055136	0.0346078126619003	comp3348_c0_seq1	0.135111067290698
comp3649_c0_seq1	MCMT	MCMT	0.00116984852382488	522789	87	0.0781637554982496	0.0479188075050934	NA	NA	NA	3.24614983459897	0.0320174075225366	comp3348_c0_seq1	0.134867585771972
comp3649_c0_seq1	Fall_cold_injury_p	Fall_cold_injury_p	0.000286660504085606	533091	87	0.044798384780134	0.0318394894973068	NA	NA	NA	3.62708407005032	0.0169930577142265	comp3348_c0_seq1	0.104270871600682
comp3649_c0_seq1	Winter_cold_injury_p	Winter_cold_injury_p	0.0046710339398047	511505	87	0.046791280590577	0.0323386188870638	NA	NA	NA	2.82890445381533	0.0437260387524608	comp3348_c0_seq1	0.194173256832962
comp4276_c0_seq1	Winter_cold_injury_p	Winter_cold_injury_p	2.832550193034e-12	347530	43	0.0918503482764772	0.0323386188870638	NA	NA	NA	6.98581758681713	0.00010361620557453	comp3879_c0_seq1	0.00904914862017562
comp4276_c0_seq1	MCMT	MCMT	2.32411155796035e-14	359776	43	0.16316062466596	0.0479188075050934	NA	NA	NA	7.63131914999651	0.00010361620557453	comp3879_c0_seq1	0.00825301951265164
comp4276_c0_seq1	DD_0	DD_0	5.79001246276538e-14	357527	43	0.13425829995461	0.038735717164252	NA	NA	NA	7.51277162300072	0.000207232411149061	comp3879_c0_seq1	0.0157475298423602
comp4276_c0_seq1	LAT	LAT	6.69779226070842e-15	362788	43	0.162173019228735	0.0484469357724453	NA	NA	NA	7.79008533555067	0.00010361620557453	comp3879_c0_seq1	0.0119989934842681
comp4276_c0_seq1	Fall_cold_injury_p	Fall_cold_injury_p	2.1413423083103e-12	348273	43	0.0947636215955948	0.0318394894973068	NA	NA	NA	7.02498202103584	0.00010361620557453	comp3879_c0_seq1	0.00904914862017562
comp4276_c0_seq1	EMT	EMT	8.74629610921285e-15	362147	43	0.164324455491811	0.0466580221796518	NA	NA	NA	7.75629744546428	0.00010361620557453	comp3879_c0_seq1	0.00823523359742799
comp4276_c0_seq1	TD	TD	5.2518398503424e-14	357769	43	0.169678886342107	0.051163937279153	NA	NA	NA	7.52552773751071	0.000207232411149061	comp3879_c0_seq1	0.0242714492138929
comp45671_c0_seq1	Winter_cold_injury_p	Winter_cold_injury_p	2.23052531682787e-09	197890	23	0.108452649903673	0.0323386188870638	NA	NA	NA	5.98009820003923	0.000621697233447294	comp40827_c0_seq1	0.0232692393090273
comp45671_c0_seq1	TD	TD	1.35371083916157e-10	204002	23	0.197495599870398	0.051163937279153	NA	NA	NA	6.42104837736629	0.000725313439021824	comp40827_c0_seq1	0.0312061489892982
comp45671_c0_seq1	LAT	LAT	4.27608653765933e-09	196408	23	0.151046776422382	0.0484469357724453	NA	NA	NA	5.87317932523578	0.00145062687804376	comp40827_c0_seq1	0.0479959739370835
comp45671_c0_seq1	EMT	EMT	6.09242492104247e-09	195591	23	0.147773590725649	0.0466580221796518	NA	NA	NA	5.81423686861337	0.00134701067246923	comp40827_c0_seq1	0.0308821259903616
comp45671_c0_seq1	Fall_cold_injury_p	Fall_cold_injury_p	1.20546842810421e-07	188362	23	0.0751498562428777	0.0318394894973068	NA	NA	NA	5.29270073774012	0.00176147549476735	comp40827_c0_seq1	0.0361965944807108
comp45671_c0_seq1	MCMT	MCMT	2.77066881460749e-09	197399	23	0.153863760604074	0.0479188075050934	NA	NA	NA	5.94467501007399	0.000932545850170996	comp40827_c0_seq1	0.0309488231724505
comp45671_c0_seq1	DD_0	DD_0	6.4517721877705e-09	195458	23	0.118846833963107	0.038735717164252	NA	NA	NA	5.80464158497716	0.00134701067246923	comp40827_c0_seq1	0.0300634660626946
comp4752_c0_seq1	Fall_cold_injury_p	Fall_cold_injury_p	4.00905601008245e-17	422160	50	0.105908722350824	0.0318394894973068	NA	NA	NA	8.41265808636023	0	comp7786_c0_seq1	0.00904914862017562
comp4752_c0_seq1	LAT	LAT	1.63887129039704e-15	413020	50	0.150605198728854	0.0484469357724453	NA	NA	NA	7.96602881760249	0.00010361620557453	comp7786_c0_seq1	0.0119989934842681
comp4752_c0_seq1	DD_0	DD_0	1.00425806761406e-18	430796	50	0.138343131406027	0.038735717164252	NA	NA	NA	8.8346592203856	0	comp7786_c0_seq1	0.0157475298423602
comp4752_c0_seq1	EMT	EMT	1.87619031539404e-19	434595	50	0.165389582787848	0.0466580221796518	NA	NA	NA	9.02029867246554	0	comp7786_c0_seq1	0.00823523359742799
comp4752_c0_seq1	TD	TD	3.67623391522772e-19	433081	50	0.181653017261514	0.051163937279153	NA	NA	NA	8.94631653757503	0	comp7786_c0_seq1	0.0231878594697415
comp4752_c0_seq1	MCMT	MCMT	3.78223981602193e-18	427737	50	0.163517335594227	0.0479188075050934	NA	NA	NA	8.68518012485716	0	comp7786_c0_seq1	0.00825301951265164
comp4752_c0_seq1	Winter_cold_injury_p	Winter_cold_injury_p	5.83166004837607e-18	426727	50	0.10214148175153	0.0323386188870638	NA	NA	NA	8.63582612469903	0	comp7786_c0_seq1	0.00904914862017562
comp48320_c0_seq1	Winter_cold_injury_p	Winter_cold_injury_p	2.07083217507434e-08	151785	17	0.119594162478939	0.0323386188870638	NA	NA	NA	5.60601917584704	0.00113977826132006	comp40559_c0_seq1	0.037327738058232
comp48320_c0_seq1	LAT	LAT	7.56436962726783e-09	153833	17	0.183156078716641	0.0484469357724453	NA	NA	NA	5.77793094154495	0.00145062687804376	comp40559_c0_seq1	0.0479959739370835
comp48320_c0_seq1	MCMT	MCMT	8.78201934984822e-10	158029	17	0.227107084892876	0.0479188075050934	NA	NA	NA	6.13014860212523	0.000725313439021824	comp40559_c0_seq1	0.0309488231724505
comp48320_c0_seq1	EMT	EMT	1.62638146066106e-09	156852	17	0.222726593670107	0.0466580221796518	NA	NA	NA	6.03134970162404	0.000932545850170996	comp40559_c0_seq1	0.0308821259903616
comp48320_c0_seq1	TD	TD	2.57644756718503e-10	160319	17	0.260144199473081	0.051163937279153	NA	NA	NA	6.32237416044955	0.000828929644596466	comp40559_c0_seq1	0.0312061489892982
comp48320_c0_seq1	DD_0	DD_0	2.39415823216975e-09	156104	17	0.182603128931059	0.038735717164252	NA	NA	NA	5.96856161532422	0.00103616205574553	comp40559_c0_seq1	0.0300634660626946
comp48320_c0_seq1	Fall_cold_injury_p	Fall_cold_injury_p	1.38571366900949e-08	152609	17	0.117653449223427	0.0318394894973068	NA	NA	NA	5.67518680032706	0.00103616205574553	comp40559_c0_seq1	0.0361965944807108
comp4946_c1_seq1	EMT	EMT	5.11512916116932e-16	722871	98	0.0996955247539705	0.0466580221796518	NA	NA	NA	8.10874806340125	0	comp4611_c0_seq1	0.00823523359742799
comp4946_c1_seq1	LAT	LAT	7.92326472079834e-13	695696	98	0.0886184238655391	0.0484469357724453	NA	NA	NA	7.16249357648391	0.000207232411149061	comp4611_c0_seq1	0.0119989934842681
comp4946_c1_seq1	TD	TD	9.48686144077779e-13	694986	98	0.0910331589069422	0.051163937279153	NA	NA	NA	7.13777082815966	0.000310848616723702	comp4611_c0_seq1	0.0242714492139015
comp4946_c1_seq1	DD_0	DD_0	1.02157196003463e-13	703611	98	0.0834557552545714	0.038735717164252	NA	NA	NA	7.43809998914079	0.000207232411149061	comp4611_c0_seq1	0.0157475298423602
comp4946_c1_seq1	Winter_cold_injury_p	Winter_cold_injury_p	4.85001139274076e-10	668741	98	0.0552066963401503	0.0323386188870638	NA	NA	NA	6.22389965946985	0.000414464822298233	comp4611_c0_seq1	0.0217179566884274
comp4946_c1_seq1	MCMT	MCMT	1.55560264305526e-14	710641	98	0.099042817206958	0.0479188075050934	NA	NA	NA	7.68289001832309	0.00010361620557453	comp4611_c0_seq1	0.00825301951265164
comp4946_c1_seq1	Fall_cold_injury_p	Fall_cold_injury_p	1.85909354386232e-15	718324	98	0.0644640238188444	0.0318394894973068	NA	NA	NA	7.95041801180923	0	comp4611_c0_seq1	0.00904914862017562
comp5200_c0_seq1	LAT	LAT	4.56776907655027e-06	241142	33	0.0912319447029495	0.0484469357724453	NA	NA	NA	4.58374959773393	0.00901460988498604	comp5172_c0_seq1	0.0970353386119275
comp5200_c0_seq1	MCMT	MCMT	1.85173348033391e-05	236131	33	0.0906944999441542	0.0479188075050934	NA	NA	NA	4.28208731890956	0.00839291265153874	comp5172_c0_seq1	0.0668494580524927
comp5200_c0_seq1	Fall_cold_injury_p	Fall_cold_injury_p	0.00022650220422075	226254	33	0.0462497182723441	0.0318394894973068	NA	NA	NA	3.68749176354172	0.015956895658481	comp5172_c0_seq1	0.103954853661064
comp5200_c0_seq1	DD_0	DD_0	3.96062355693659e-05	233269	33	0.0702094948159596	0.038735717164252	NA	NA	NA	4.10979487388954	0.0102580043518806	comp5172_c0_seq1	0.0708638842906353
comp5200_c0_seq1	EMT	EMT	5.04488094758205e-05	232335	33	0.0880808911990718	0.0466580221796518	NA	NA	NA	4.05356805919747	0.0119158636410734	comp5172_c0_seq1	0.0794588755211464
comp5200_c0_seq1	TD	TD	4.62068988677623e-06	241102	33	0.100924020152111	0.051163937279153	NA	NA	NA	4.58134159710472	0.00580250751217493	comp5172_c0_seq1	0.0565783771061693
comp5200_c0_seq1	Winter_cold_injury_p	Winter_cold_injury_p	6.54148879736356e-05	231319	33	0.050684460676246	0.0323386188870638	NA	NA	NA	3.99240484321552	0.00973992332400786	comp5172_c0_seq1	0.0773290882087897
comp5416_c0_seq1	MCMT	MCMT	0.00295918936623492	185463.5	28	0.0773164040009152	0.0479188075050934	NA	NA	NA	2.97197846681666	0.0428971091078645	comp3824_c0_seq1	0.152988809473366
comp5416_c0_seq1	EMT	EMT	0.000844566860615193	191059.5	28	0.0796473932767176	0.0466580221796518	NA	NA	NA	3.33779261443631	0.0289089213553	comp3824_c0_seq1	0.129018659693066
comp5416_c0_seq1	DD_0	DD_0	0.000625468098520995	192322.5	28	0.0668902952686601	0.038735717164252	NA	NA	NA	3.42035574317892	0.0240389596932961	comp3824_c0_seq1	0.0995468850749406
comp5433_c1_seq1	Fall_cold_injury_p	Fall_cold_injury_p	7.43753330852726e-06	323890	47	0.054569013020459	0.0318394894973068	NA	NA	NA	4.48079202874958	0.00497357786757846	comp5588_c0_seq1	0.0521230960522223
comp5433_c1_seq1	MCMT	MCMT	3.81375501176044e-05	316703	47	0.0786169508154834	0.0479188075050934	NA	NA	NA	4.11850771880895	0.0109833177909024	comp5588_c0_seq1	0.0749845772863929
comp5433_c1_seq1	LAT	LAT	0.000331251287252984	306210	47	0.0664708339010674	0.0484469357724453	NA	NA	NA	3.58957363446122	0.0259040513936379	comp5588_c0_seq1	0.146220292692042
comp5433_c1_seq1	EMT	EMT	5.46125320109733e-05	315046	47	0.078225183698441	0.0466580221796518	NA	NA	NA	4.03498119848452	0.012019479846648	comp5588_c0_seq1	0.0794588755211464
comp5433_c1_seq1	TD	TD	0.000452365980853371	304582	47	0.0726868443702372	0.051163937279153	NA	NA	NA	3.50750895426317	0.0230027976375505	comp5588_c0_seq1	0.119246685268281
comp5433_c1_seq1	Winter_cold_injury_p	Winter_cold_injury_p	0.000165430751083618	309724	47	0.0477824928885776	0.0323386188870638	NA	NA	NA	3.76670833115405	0.0131592581079681	comp5588_c0_seq1	0.0875505129002177
comp5433_c1_seq1	DD_0	DD_0	2.42121413478911e-05	318757	47	0.06994994475884	0.038735717164252	NA	NA	NA	4.22204632638068	0.00839291265153874	comp5588_c0_seq1	0.059791402370224
comp5443_c0_seq1	DD_0	DD_0	0.000283402647773665	375732	59	0.0538011020167267	0.038735717164252	NA	NA	NA	3.63003939612983	0.018961765620143	comp6313_c0_seq1	0.0949772893617545
comp5443_c0_seq1	MCMT	MCMT	0.00149174590723517	365641	59	0.0613826052039952	0.0479188075050934	NA	NA	NA	3.1763069536492	0.0341933478396022	comp6313_c0_seq1	0.137825425861311
comp5710_c0_seq1	EMT	EMT	0.00350041175098849	95414	13	0.0836759985776588	0.0466580221796518	NA	NA	NA	2.92003928930352	0.0462128276862501	comp3981_c0_seq1	0.164936650359789
comp5710_c0_seq1	Fall_cold_injury_p	Fall_cold_injury_p	0.00163898361834636	97798	13	0.0582461096770497	0.0318394894973068	NA	NA	NA	3.14892643554208	0.0324318723448347	comp3981_c0_seq1	0.157354639895309
comp5862_c0_seq1	EMT	EMT	4.26839434506435e-05	190321	26	0.114877538561687	0.0466580221796518	NA	NA	NA	4.09248384965101	0.0115013988187752	comp4625_c0_seq1	0.0794588755211464
comp5862_c0_seq1	Winter_cold_injury_p	Winter_cold_injury_p	0.00041607062006809	182026	26	0.0628502898417659	0.0323386188870638	NA	NA	NA	3.52970880393135	0.0185473007978448	comp4625_c0_seq1	0.105638974109464
comp5862_c0_seq1	TD	TD	6.16784567995927e-06	196631	26	0.124597476296064	0.051163937279153	NA	NA	NA	4.52058638593684	0.00663143715677128	comp4625_c0_seq1	0.0584312666260508
comp5862_c0_seq1	DD_0	DD_0	5.59464848154519e-05	189390	26	0.0965572557594954	0.038735717164252	NA	NA	NA	4.02932006814829	0.0115013988187752	comp4625_c0_seq1	0.0749132491072429
comp5862_c0_seq1	MCMT	MCMT	3.59190316541026e-05	190908	26	0.116859224348204	0.0479188075050934	NA	NA	NA	4.13230891919138	0.0107760853797534	comp4625_c0_seq1	0.0749845772863929
comp5875_c0_seq1	MCMT	MCMT	0.000121251974569452	311249.5	47	0.127301153167848	0.0479188075050934	NA	NA	NA	3.84360616262956	0.0151279660138846	comp2741_c0_seq1	0.0926877576036459
comp5875_c0_seq1	Fall_cold_injury_p	Fall_cold_injury_p	3.36757663755908e-07	336206.5	47	0.094487203848729	0.0318394894973068	NA	NA	NA	5.10164561207835	0.00196870790591652	comp2741_c0_seq1	0.0361965944807108
comp5875_c0_seq1	LAT	LAT	0.0011848069868112	299325.5	47	0.110083971373495	0.0484469357724453	NA	NA	NA	3.24253782928711	0.0392705419127551	comp2741_c0_seq1	0.158469465671574
comp5875_c0_seq1	TD	TD	3.30922402786331e-05	317349.5	47	0.147017137462184	0.051163937279153	NA	NA	NA	4.15109667197113	0.0102580043518806	comp2741_c0_seq1	0.0706727491816435
comp5875_c0_seq1	Winter_cold_injury_p	Winter_cold_injury_p	5.14902491832858e-06	325434.5	47	0.0807462640221507	0.0323386188870638	NA	NA	NA	4.55864761754927	0.00424826442855664	comp2741_c0_seq1	0.0555759821251801
comp5875_c0_seq1	DD_0	DD_0	0.000227396638410793	308132.5	47	0.102295198366822	0.038735717164252	NA	NA	NA	3.68648355318404	0.0177183711532484	comp2741_c0_seq1	0.0949772893617545
comp5875_c0_seq1	EMT	EMT	3.73651998572978e-05	316796.5	47	0.132522962381151	0.0466580221796518	NA	NA	NA	4.12322089300951	0.0105688529686043	comp2741_c0_seq1	0.0763630751761666
comp5881_c0_seq1	TD	TD	0.000440601019409332	401427.5	64	0.0640644647972402	0.051163937279153	NA	NA	NA	3.51451052007199	0.0226919490208268	comp7826_c0_seq1	0.119246685268281
comp5881_c0_seq1	Fall_cold_injury_p	Fall_cold_injury_p	0.000249482179990556	404863.5	64	0.0550069778905662	0.0318394894973068	NA	NA	NA	3.6628124837448	0.0162677442752046	comp7826_c0_seq1	0.103954853661064
comp5881_c0_seq1	LAT	LAT	0.000202740447796594	406086.5	64	0.0695268407236884	0.0484469357724453	NA	NA	NA	3.71559865998806	0.0220702517873795	comp7826_c0_seq1	0.127789280607482
comp5881_c0_seq1	EMT	EMT	8.57979074489695e-06	423106.5	64	0.068458386511018	0.0466580221796518	NA	NA	NA	4.45020268260481	0.00652782095119675	comp7826_c0_seq1	0.0622583659965685
comp5881_c0_seq1	DD_0	DD_0	1.38050569545604e-06	431855.5	64	0.0603960653455888	0.038735717164252	NA	NA	NA	4.82782022631068	0.00404103201740758	comp7826_c0_seq1	0.0460615247889137
comp5881_c0_seq1	MCMT	MCMT	1.38376529021333e-05	420702.5	64	0.0696686025172216	0.0479188075050934	NA	NA	NA	4.34644310150195	0.00766759921251681	comp7826_c0_seq1	0.0657395692214805
comp59544_c0_seq1	EMT	EMT	0.000134168066866191	310755.5	47	0.0857344302735225	0.0466580221796518	NA	NA	NA	3.81870447220091	0.0164749766863538	comp50471_c0_seq1	0.0913536378133486
comp59544_c0_seq1	MCMT	MCMT	0.000443071712227818	304691.5	47	0.081796331870541	0.0479188075050934	NA	NA	NA	3.51302866094726	0.0222774841985286	comp50471_c0_seq1	0.108636685421662
comp59544_c0_seq1	LAT	LAT	0.00041367750467954	305052.5	47	0.0794174293004174	0.0484469357724453	NA	NA	NA	3.53122605010665	0.0271474458605326	comp50471_c0_seq1	0.146220292692042
comp59544_c0_seq1	TD	TD	0.00288640987264439	294109.5	47	0.0798658582377918	0.051163937279153	NA	NA	NA	2.97960823965996	0.0423790280799917	comp50471_c0_seq1	0.148164518335585
comp59544_c0_seq1	DD_0	DD_0	0.000380386846462034	305491.5	47	0.0670301542517478	0.038735717164252	NA	NA	NA	3.5533552851232	0.0199979276758885	comp50471_c0_seq1	0.0949772893617545
comp59544_c0_seq1	Winter_cold_injury_p	Winter_cold_injury_p	0.000183989252223868	309195.5	47	0.0561233805513699	0.0323386188870638	NA	NA	NA	3.74006755505782	0.0133664905191172	comp50471_c0_seq1	0.0875505129002177
comp6213_c0_seq1	EMT	EMT	0.0043065078201094	319585	52	0.0842763459421139	0.0466580221796518	NA	NA	NA	2.85481554963155	0.0491140814423375	comp8064_c0_seq1	0.164936650359789
comp6213_c0_seq1	LAT	LAT	0.00075841459245862	330287	52	0.0861578449661658	0.0484469357724453	NA	NA	NA	3.36756600716544	0.0332608019894312	comp8064_c0_seq1	0.154653693797265
comp6213_c0_seq1	Fall_cold_injury_p	Fall_cold_injury_p	0.00202631115784854	324418	52	0.0530338501890028	0.0318394894973068	NA	NA	NA	3.08637254470362	0.0344005802507512	comp8064_c0_seq1	0.160945571887443
comp6213_c0_seq1	TD	TD	0.00146707946804903	326396	52	0.100880459415898	0.051163937279153	NA	NA	NA	3.18114178456552	0.0341933478396022	comp8064_c0_seq1	0.135111067290698
comp6213_c0_seq1	Winter_cold_injury_p	Winter_cold_injury_p	0.00111796931698449	328022	52	0.0505403054047224	0.0323386188870638	NA	NA	NA	3.25904612431044	0.0262149000103616	comp8064_c0_seq1	0.129590637787071
comp6213_c0_seq1	MCMT	MCMT	0.00346603381865288	321010	52	0.0893712698802684	0.0479188075050934	NA	NA	NA	2.92308964811649	0.044865817013781	comp8064_c0_seq1	0.157656946278482
comp629_c0_seq1	EMT	EMT	0.000698417403975103	215453.5	32	0.0719990264035026	0.0466580221796518	NA	NA	NA	3.39023021378481	0.0277691430939799	comp496_c0_seq1	0.128453286653111
comp629_c0_seq1	MCMT	MCMT	0.00259419910137162	209269.5	32	0.0699554783530942	0.0479188075050934	NA	NA	NA	3.01216239764975	0.0411356336130971	comp496_c0_seq1	0.148929488478336
comp641_c0_seq1	Fall_cold_injury_p	Fall_cold_injury_p	4.79562843887842e-05	171350.5	23	0.0802847215390272	0.0318394894973068	NA	NA	NA	4.06540624467741	0.00911822609056057	comp1011_c0_seq1	0.0770637172815119
comp641_c0_seq1	LAT	LAT	4.79562843788213e-05	171350.5	23	0.112155238948581	0.0484469357724453	NA	NA	NA	4.06540624467741	0.0153351984250337	comp1011_c0_seq1	0.123989599337463
comp641_c0_seq1	Winter_cold_injury_p	Winter_cold_injury_p	1.65172332596292e-05	174705.5	23	0.0834386886443981	0.0323386188870638	NA	NA	NA	4.30745268527497	0.00600973992332399	comp1011_c0_seq1	0.06830647668134
comp641_c0_seq1	MCMT	MCMT	2.99555369411962e-05	172853.5	23	0.106939564440629	0.0479188075050934	NA	NA	NA	4.17384016426553	0.0101543881463061	comp1011_c0_seq1	0.0749845772863929
comp641_c0_seq1	DD_0	DD_0	7.15052195338858e-05	170045.5	23	0.0775960328688358	0.038735717164252	NA	NA	NA	3.97125703305899	0.012952025696819	comp1011_c0_seq1	0.0777016275116619
comp641_c0_seq1	TD	TD	1.17042911104963e-05	175753.5	23	0.128595668271769	0.051163937279153	NA	NA	NA	4.3830606345287	0.00766759921251681	comp1011_c0_seq1	0.0595041980727821
comp641_c0_seq1	EMT	EMT	7.68855730722255e-05	169805.5	23	0.0916307587451161	0.0466580221796518	NA	NA	NA	3.95394223551997	0.0133664905191172	comp1011_c0_seq1	0.0817188564668027
comp6497_c0_seq1	Winter_cold_injury_p	Winter_cold_injury_p	2.47170276866888e-13	251984	28	0.124656906420836	0.0323386188870638	NA	NA	NA	7.32046667388118	0	comp8237_c0_seq1	0.00904914862017562
comp6497_c0_seq1	DD_0	DD_0	2.25274600953314e-11	242319	28	0.109032000369002	0.038735717164252	NA	NA	NA	6.68865935852308	0.000414464822298233	comp8237_c0_seq1	0.0236212947635466
comp6497_c0_seq1	EMT	EMT	1.63632188108043e-12	248037	28	0.144993354502803	0.0466580221796518	NA	NA	NA	7.06244872522951	0.000207232411149061	comp8237_c0_seq1	0.012352850396142
comp6497_c0_seq1	LAT	LAT	4.49674200661665e-13	250749	28	0.175866780256914	0.0484469357724453	NA	NA	NA	7.23973392328964	0.000207232411149061	comp8237_c0_seq1	0.0119989934842681
comp6497_c0_seq1	TD	TD	9.9059308097917e-12	244143	28	0.164716021615248	0.051163937279153	NA	NA	NA	6.8078954209352	0.000621697233447294	comp8237_c0_seq1	0.0312061489892982
comp6497_c0_seq1	MCMT	MCMT	3.25335937676701e-12	246567	28	0.149829373594028	0.0479188075050934	NA	NA	NA	6.96635387229868	0.000207232411149061	comp8237_c0_seq1	0.0123795292689775
comp6497_c0_seq1	Fall_cold_injury_p	Fall_cold_injury_p	1.08458463255152e-10	238740	28	0.0893209010171723	0.0318394894973068	NA	NA	NA	6.45469780842824	0.000310848616723702	comp8237_c0_seq1	0.016288467516322
comp6702_c0_seq1	DD_0	DD_0	0.00393707172315679	137261	20	0.0646283047753698	0.038735717164252	NA	NA	NA	2.88319887813539	0.0471453735364211	comp14537_c0_seq1	0.15840162370848
comp6702_c0_seq1	Fall_cold_injury_p	Fall_cold_injury_p	2.25851229269269e-05	154766	20	0.0905081824744344	0.0318394894973068	NA	NA	NA	4.23770885805433	0.00725313439021869	comp14537_c0_seq1	0.0655283175943895
comp6702_c0_seq1	EMT	EMT	0.00409661349742235	137099	20	0.0692195317251057	0.0466580221796518	NA	NA	NA	2.87066356726724	0.0486996166200394	comp14537_c0_seq1	0.164936650359789
comp6702_c0_seq1	TD	TD	0.00135182150076723	141417	20	0.0918152277178984	0.051163937279153	NA	NA	NA	3.2047837668268	0.0330535695782821	comp14537_c0_seq1	0.133492970676438
comp6702_c0_seq1	LAT	LAT	0.000938198928341738	142757	20	0.0963759716869605	0.0484469357724453	NA	NA	NA	3.30847090610651	0.0357475909232204	comp14537_c0_seq1	0.154653693797265
comp6702_c0_seq1	MCMT	MCMT	0.00156214923260676	140876	20	0.0862367967028968	0.0479188075050934	NA	NA	NA	3.16292201880417	0.0346078126619003	comp14537_c0_seq1	0.137825425861311
comp6702_c0_seq1	Winter_cold_injury_p	Winter_cold_injury_p	2.54707213563466e-05	154416	20	0.0846444221200408	0.0323386188870638	NA	NA	NA	4.21062639630217	0.00704590197906951	comp14537_c0_seq1	0.06830647668134
comp6774_c0_seq1	Winter_cold_injury_p	Winter_cold_injury_p	3.85837185987182e-05	369165	56	0.0789575554849544	0.0323386188870638	NA	NA	NA	4.11582402924814	0.00797844782924051	comp3285_c0_seq1	0.06830647668134
comp6774_c0_seq1	DD_0	DD_0	0.000371125859700419	357120	56	0.0978265215884847	0.038735717164252	NA	NA	NA	3.55983120210415	0.019894311470314	comp3285_c0_seq1	0.0949772893617545
comp6774_c0_seq1	TD	TD	0.00229917922698206	346045	56	0.12641110125817	0.051163937279153	NA	NA	NA	3.0486132228082	0.0391669257071806	comp3285_c0_seq1	0.143353246919584
comp6774_c0_seq1	MCMT	MCMT	0.000753826085140587	352991	56	0.123204471172838	0.0479188075050934	NA	NA	NA	3.36923806110975	0.0275619106828308	comp3285_c0_seq1	0.126652107136488
comp6774_c0_seq1	Fall_cold_injury_p	Fall_cold_injury_p	0.000305236898515948	358225	56	0.078990565163754	0.0318394894973068	NA	NA	NA	3.61083760094135	0.0175111387420993	comp3285_c0_seq1	0.104270871600682
comp6774_c0_seq1	EMT	EMT	0.00139135020714141	349248	56	0.118170000735546	0.0466580221796518	NA	NA	NA	3.19646253998065	0.0336752668117294	comp3285_c0_seq1	0.136090724703288
comp6887_c0_seq1	EMT	EMT	0.00352436568209273	264706	42	0.0744492697404058	0.0466580221796518	NA	NA	NA	2.91789196181142	0.0463164438918247	comp13871_c0_seq1	0.164936650359789
comp69403_c0_seq1	LAT	LAT	7.31892246620712e-07	144002.5	17	0.194648597189833	0.0484469357724453	NA	NA	NA	4.95274607206581	0.00528442648430216	comp55060_c0_seq1	0.0874212382425431
comp69403_c0_seq1	MCMT	MCMT	2.44050610239709e-05	135276.5	17	0.186140038092523	0.0479188075050934	NA	NA	NA	4.22027435942912	0.0095326909128588	comp55060_c0_seq1	0.0734784963062045
comp69403_c0_seq1	EMT	EMT	0.000157489131926942	130019.5	17	0.172911131721424	0.0466580221796518	NA	NA	NA	3.77899498820163	0.0173039063309501	comp55060_c0_seq1	0.0937693643707336
comp69403_c0_seq1	Winter_cold_injury_p	Winter_cold_injury_p	3.17365241354956e-05	134566.5	17	0.108414876798378	0.0323386188870638	NA	NA	NA	4.1606760422194	0.00766759921251681	comp55060_c0_seq1	0.06830647668134
comp69403_c0_seq1	DD_0	DD_0	1.92760626874124e-05	135906.5	17	0.159058364798408	0.038735717164252	NA	NA	NA	4.27315737329127	0.00797844782924051	comp55060_c0_seq1	0.059791402370224
comp69403_c0_seq1	Fall_cold_injury_p	Fall_cold_injury_p	1.44775300683376e-05	136661.5	17	0.1159510930766	0.0318394894973068	NA	NA	NA	4.33653304863401	0.00642420474562222	comp55060_c0_seq1	0.0623385793834453
comp69403_c0_seq1	TD	TD	2.17781357963737e-05	135581.5	17	0.178977826268252	0.051163937279153	NA	NA	NA	4.24587645344175	0.00901460988498604	comp55060_c0_seq1	0.065988002550285
comp7283_c0_seq1	EMT	EMT	0.00277383945299828	83661.5	11	0.108702645279364	0.0466580221796518	NA	NA	NA	2.99180149900653	0.0426898766967153	comp3819_c0_seq1	0.161567440101954
comp7283_c0_seq1	LAT	LAT	0.000784400587652193	87172.5	11	0.11031821732563	0.0484469357724453	NA	NA	NA	3.35829365967544	0.0335716506061549	comp3819_c0_seq1	0.154653693797265
comp7283_c0_seq1	DD_0	DD_0	0.00401170251782156	82564.5	11	0.0841192986750098	0.038735717164252	NA	NA	NA	2.87729227079412	0.0472489897419957	comp3819_c0_seq1	0.15840162370848
comp7283_c0_seq1	MCMT	MCMT	0.00214781297612784	84401.5	11	0.111616243795521	0.0479188075050934	NA	NA	NA	3.06904564565848	0.0387524608848824	comp3819_c0_seq1	0.14592513173917
comp740_c0_seq1	Fall_cold_injury_p	Fall_cold_injury_p	0.00363471542411227	196055	30	0.0845726326723384	0.0318394894973068	NA	NA	NA	2.90826962301975	0.0424826442855663	comp2076_c0_seq1	0.18865174242065
comp74471_c0_seq1	TD	TD	0.00100912053400517	130308	18	0.12313713626875	0.051163937279153	NA	NA	NA	3.28801228903658	0.0290125375608745	comp51056_c0_seq1	0.130692418844065
comp74471_c0_seq1	DD_0	DD_0	0.000114625101171796	137288	18	0.0777093770386261	0.038735717164252	NA	NA	NA	3.85738625394368	0.014817117397161	comp51056_c0_seq1	0.0866114141329995
comp74471_c0_seq1	MCMT	MCMT	0.000176320062192666	135981	18	0.10455453325767	0.0479188075050934	NA	NA	NA	3.75077138687583	0.0173039063309501	comp51056_c0_seq1	0.096815142788152
comp74471_c0_seq1	EMT	EMT	0.000334589454121543	133973	18	0.101619360629349	0.0466580221796518	NA	NA	NA	3.58697440671345	0.0224847166096778	comp51056_c0_seq1	0.111690355665141
comp74471_c0_seq1	LAT	LAT	0.000565402839765853	132266	18	0.107811999605613	0.0484469357724453	NA	NA	NA	3.44773065913516	0.0302559320277691	comp51056_c0_seq1	0.154653693797265
comp7473_c0_seq1	MCMT	MCMT	4.21638772480521e-08	190980	23	0.113426410462582	0.0479188075050934	NA	NA	NA	5.48157632089493	0.00186509170034188	comp7642_c0_seq1	0.0371385878069392
comp7473_c0_seq1	EMT	EMT	2.17855590069292e-08	192583	23	0.113485975498214	0.0466580221796518	NA	NA	NA	5.59722473945764	0.00165785928919282	comp7642_c0_seq1	0.0308821259903616
comp7473_c0_seq1	DD_0	DD_0	5.49053237203652e-08	190330	23	0.0912613813369278	0.038735717164252	NA	NA	NA	5.43468207756009	0.00176147549476735	comp7642_c0_seq1	0.0308893854600201
comp7473_c0_seq1	LAT	LAT	1.43842802938745e-07	187913	23	0.114040082939975	0.0484469357724453	NA	NA	NA	5.2603076373442	0.0038337996062584	comp7642_c0_seq1	0.0759936254003796
comp7473_c0_seq1	Winter_cold_injury_p	Winter_cold_injury_p	4.06889911368132e-09	196522	23	0.0916981115549095	0.0323386188870638	NA	NA	NA	5.88140385406682	0.000621697233447294	comp7642_c0_seq1	0.0232692393090273
comp7473_c0_seq1	TD	TD	2.18490856926889e-08	192576	23	0.129115975716195	0.051163937279153	NA	NA	NA	5.59671972452942	0.00155424308361829	comp7642_c0_seq1	0.033606621988473
comp7473_c0_seq1	Fall_cold_injury_p	Fall_cold_injury_p	6.65443671551512e-07	183906	23	0.067271855170198	0.0318394894973068	NA	NA	NA	4.9712226634323	0.00227955652264011	comp7642_c0_seq1	0.0361965944807108
comp7675_c0_seq1	DD_0	DD_0	0.000695014432441012	244667	37	0.0965401218008972	0.038735717164252	NA	NA	NA	3.3915667413195	0.0244534245155943	comp5021_c0_seq1	0.0995468850749406
comp7675_c0_seq1	LAT	LAT	0.000656949918403236	244938	37	0.125892277762574	0.0484469357724453	NA	NA	NA	3.40697081035091	0.0320174075225366	comp5021_c0_seq1	0.154653693797265
comp7675_c0_seq1	Winter_cold_injury_p	Winter_cold_injury_p	0.000222395444808085	249955	37	0.0814793615136481	0.0323386188870638	NA	NA	NA	3.69214503297313	0.0142990363692882	comp5021_c0_seq1	0.0891987506846074
comp7675_c0_seq1	MCMT	MCMT	0.0010525387130099	242636	37	0.126074520638392	0.0479188075050934	NA	NA	NA	3.27612148595858	0.0313957102890892	comp5021_c0_seq1	0.134867585771972
comp7675_c0_seq1	EMT	EMT	0.00253992639861638	238105	37	0.112317603431673	0.0466580221796518	NA	NA	NA	3.01857227274325	0.0413428660242462	comp5021_c0_seq1	0.161567440101954
comp7675_c0_seq1	TD	TD	0.00278916974168875	237604	37	0.138296362205313	0.051163937279153	NA	NA	NA	2.99009463958923	0.041860947052119	comp5021_c0_seq1	0.148164518335585
comp8762_c2_seq1	Fall_cold_injury_p	Fall_cold_injury_p	1.83959526972374e-08	616512.5	92	0.0530162237785651	0.0318394894973068	NA	NA	NA	5.62646473619757	0.00124339446689459	comp13293_c0_seq1	0.0361965944807108
comp8762_c2_seq1	DD_0	DD_0	9.00786300968643e-10	630410.5	92	0.064401032920916	0.038735717164252	NA	NA	NA	6.12608366058811	0.000828929644596466	comp13293_c0_seq1	0.0300634660626946
comp8762_c2_seq1	Winter_cold_injury_p	Winter_cold_injury_p	8.6062737139991e-07	596891.5	92	0.0483370586345303	0.0323386188870638	NA	NA	NA	4.92110979912269	0.00248678893378929	comp13293_c0_seq1	0.0452457431008881
comp8762_c2_seq1	TD	TD	0.000495117141045927	556898.5	92	0.0652446183422201	0.051163937279153	NA	NA	NA	3.48340224097398	0.0234172624598488	comp13293_c0_seq1	0.119246685268281
comp8762_c2_seq1	EMT	EMT	5.96388699654075e-09	621834.5	92	0.0730519616835245	0.0466580221796518	NA	NA	NA	5.8177852078918	0.00134701067246923	comp13293_c0_seq1	0.0308821259903616
comp8762_c2_seq1	LAT	LAT	1.98214801500874e-05	578693.5	92	0.0677554964487788	0.0484469357724453	NA	NA	NA	4.2669102606237	0.0125375608745207	comp13293_c0_seq1	0.111682939353595
comp8762_c2_seq1	MCMT	MCMT	2.3115490375851e-08	615412.5	92	0.074288470601574	0.0479188075050934	NA	NA	NA	5.58692085816983	0.00176147549476735	comp13293_c0_seq1	0.0371385878069392
comp8826_c1_seq1	DD_0	DD_0	0.000549362620259228	511811	84	0.0523117223968607	0.038735717164252	NA	NA	NA	3.45547493001998	0.0231064138431251	comp10832_c0_seq1	0.0975471987457515
comp8826_c1_seq1	MCMT	MCMT	0.000336298602112041	515269	84	0.0671094680198558	0.0479188075050934	NA	NA	NA	3.585623085557	0.0208268573204849	comp10832_c0_seq1	0.103977721415353
comp8826_c1_seq1	LAT	LAT	0.00170526475431725	503357	84	0.0614714776970682	0.0484469357724453	NA	NA	NA	3.13729317556367	0.0449694332193555	comp10832_c0_seq1	0.17270682424901
comp8826_c1_seq1	Fall_cold_injury_p	Fall_cold_injury_p	0.000985103800699474	507541	84	0.0435473373158759	0.0318394894973068	NA	NA	NA	3.29476566913419	0.0268365972438089	comp10832_c0_seq1	0.143493642405672
comp8826_c1_seq1	EMT	EMT	0.000109447131637465	522789	84	0.0721392624993835	0.0466580221796518	NA	NA	NA	3.86865204149638	0.0153351984250337	comp10832_c0_seq1	0.0899993386004823
comp8826_c1_seq1	Winter_cold_injury_p	Winter_cold_injury_p	4.08096761551266e-05	529012	84	0.054079646199773	0.0323386188870638	NA	NA	NA	4.10286602990206	0.00808206403481504	comp10832_c0_seq1	0.06830647668134
comp8826_c1_seq1	TD	TD	0.000549976513567979	511803	84	0.0757827090758908	0.051163937279153	NA	NA	NA	3.455173835386	0.0244534245155943	comp10832_c0_seq1	0.120405424531689
comp9170_c0_seq1	LAT	LAT	5.56094682710338e-05	273741.5	40	0.067139020220618	0.0484469357724453	NA	NA	NA	4.03073374550944	0.0160605118640555	comp7325_c0_seq1	0.123989599337463
comp9170_c0_seq1	DD_0	DD_0	3.27523251382867e-08	301098.5	40	0.0704681964511459	0.038735717164252	NA	NA	NA	5.52607603005615	0.00165785928919282	comp7325_c0_seq1	0.0308893854600201
comp9170_c0_seq1	EMT	EMT	5.60065659702034e-08	299361.5	40	0.0836439117065056	0.0466580221796518	NA	NA	NA	5.43113105991112	0.00186509170034188	comp7325_c0_seq1	0.0308821259903616
comp9170_c0_seq1	TD	TD	3.33686330524742e-06	285051.5	40	0.0790619667779056	0.051163937279153	NA	NA	NA	4.64894192762821	0.00486996166200393	comp7325_c0_seq1	0.0495981788283999
comp9170_c0_seq1	Winter_cold_injury_p	Winter_cold_injury_p	0.00381175058029162	252933.5	40	0.0391109940410093	0.0323386188870638	NA	NA	NA	2.89336187517102	0.040928401201948	comp7325_c0_seq1	0.188127037103691
comp9170_c0_seq1	Fall_cold_injury_p	Fall_cold_injury_p	0.000300647561408911	266131.5	40	0.0412551605471132	0.0318394894973068	NA	NA	NA	3.61476873525976	0.0175111387420993	comp7325_c0_seq1	0.104270871600682
comp9170_c0_seq1	MCMT	MCMT	1.86075852481188e-07	295366.5	40	0.0821437774457037	0.0479188075050934	NA	NA	NA	5.21276309460922	0.00259040513936382	comp7325_c0_seq1	0.0386860289655631
comp9473_c0_seq1	DD_0	DD_0	0.000756172003909522	118928	16	0.0819757454905014	0.038735717164252	NA	NA	NA	3.36840176615276	0.0251787379546161	comp6503_c0_seq1	0.100701309255114
comp9473_c0_seq1	Winter_cold_injury_p	Winter_cold_injury_p	0.00111334766436029	117678	16	0.0592749010411095	0.0323386188870638	NA	NA	NA	3.26024048872543	0.0262149000103616	comp6503_c0_seq1	0.129590637787071
comp9473_c0_seq1	MCMT	MCMT	0.000310681643625478	121677	16	0.105918391192414	0.0479188075050934	NA	NA	NA	3.60627004747093	0.0203087762926122	comp6503_c0_seq1	0.103977721415353
comp9473_c0_seq1	Fall_cold_injury_p	Fall_cold_injury_p	0.00119587182165438	117443	16	0.0624655725689386	0.0318394894973068	NA	NA	NA	3.2399061685691	0.0281836079162781	comp6503_c0_seq1	0.147682105481297
comp9473_c0_seq1	EMT	EMT	8.00059698846779e-05	125585	16	0.109968563758816	0.0466580221796518	NA	NA	NA	3.94442546521973	0.0133664905191172	comp6503_c0_seq1	0.0817188564668027
comp9473_c0_seq1	TD	TD	0.000215725929279265	122759	16	0.111547143494243	0.051163937279153	NA	NA	NA	3.69989444921203	0.0179256035643974	comp6503_c0_seq1	0.102413675951325
comp9667_c0_seq1	Winter_cold_injury_p	Winter_cold_injury_p	0.00157651712603819	303359.5	48	0.0408561277354394	0.0323386188870638	NA	NA	NA	3.1602418689305	0.0299450834110455	comp5040_c0_seq1	0.14264748824898
comp9667_c0_seq1	Fall_cold_injury_p	Fall_cold_injury_p	0.000781035891051026	307353.5	48	0.043784023303086	0.0318394894973068	NA	NA	NA	3.35945439466868	0.0242461921044451	comp5040_c0_seq1	0.132343798570096
comp9667_c0_seq1	LAT	LAT	0.000541811910750835	309353.5	48	0.0660196963226236	0.0484469357724453	NA	NA	NA	3.45921029138284	0.0294270023831728	comp5040_c0_seq1	0.154653693797265
comp9667_c0_seq1	EMT	EMT	0.00250692840373958	300598.5	48	0.0577053068180459	0.0466580221796518	NA	NA	NA	3.02252885351659	0.0407211687907989	comp5040_c0_seq1	0.161567440101954
